     0	0
     1	4.200000
     2	19.100000
     3	28.300000
     4	34.200000
     5	38.400000
     6	41.600000
     7	44.300000
     8	46.400000
     9	48.800000
    10	51.100000
    11	52.800000
    12	54.000000
    13	51.900000
    14	53.000000
    15	53.700000
    16	54.500000
    17	54.900000
    18	55.200000
    19	55.600000
    20	56.400000
    21	57.000000
    22	57.200000
    23	57.600000
    24	57.700000
    25	58.200000
    26	58.600000
    27	58.700000
    28	59.200000
    29	59.300000
    30	59.300000
    31	59.700000
    32	59.900000
    33	60.200000
    34	60.500000
    35	60.500000
    36	59.400000
    37	59.600000
    38	59.600000
    39	59.800000
    40	60.100000
    41	60.300000
    42	60.400000
    43	60.600000
    44	60.700000
    45	60.900000
    46	61.100000
    47	61.200000
    48	61.400000
    49	61.600000
    50	61.600000
    51	61.700000
    52	61.800000
    53	62.000000
    54	62.000000
    55	62.200000
    56	62.200000
    57	62.200000
    58	62.400000
    59	62.400000
    60	62.500000
    61	62.700000
    62	62.800000
    63	62.800000
    64	62.800000
    65	62.200000
    66	62.200000
    67	62.200000
    68	62.200000
    69	62.200000
    70	62.200000
    71	62.500000
    72	62.700000
    73	62.800000
    74	62.700000
    75	62.900000
    76	63.100000
    77	63.100000
    78	63.100000
    79	63.100000
    80	63.100000
    81	63.100000
    82	63.300000
    83	63.400000
    84	63.500000
    85	63.500000
    86	63.400000
    87	63.500000
    88	63.600000
    89	63.500000
    90	63.400000
    91	63.500000
    92	63.500000
    93	63.000000
    94	63.100000
    95	63.200000
    96	63.200000
    97	63.300000
    98	63.200000
    99	63.300000
   100	63.400000
   101	63.400000
   102	63.300000
   103	63.300000
   104	63.300000
   105	63.500000
   106	63.500000
   107	63.500000
   108	63.700000
   109	63.700000
   110	63.800000
   111	63.800000
   112	63.800000
   113	63.700000
   114	63.700000
   115	63.800000
   116	63.900000
   117	63.300000
   118	63.300000
   119	63.400000
   120	63.400000
   121	63.400000
   122	63.400000
   123	63.400000
   124	63.500000
   125	63.400000
   126	63.500000
   127	63.600000
   128	63.700000
   129	63.700000
   130	63.700000
   131	63.900000
   132	63.900000
   133	63.900000
   134	63.900000
   135	63.900000
   136	63.900000
   137	63.900000
   138	63.900000
   139	63.900000
   140	63.900000
   141	63.900000
   142	63.600000
   143	63.600000
   144	63.600000
   145	63.700000
   146	63.700000
   147	63.700000
   148	63.800000
   149	63.800000
   150	63.800000
   151	63.800000
   152	63.800000
   153	63.800000
   154	63.800000
   155	63.800000
   156	63.800000
   157	63.900000
   158	63.900000
   159	63.900000
   160	63.800000
   161	63.900000
   162	63.900000
   163	63.900000
   164	63.700000
   165	63.700000
   166	63.700000
   167	63.700000
   168	63.700000
   169	63.800000
   170	63.700000
   171	63.800000
   172	63.800000
   173	63.800000
   174	63.800000
   175	64.000000
   176	64.000000
   177	64.000000
   178	64.000000
   179	64.000000
   180	64.000000
   181	64.000000
   182	64.000000
   183	64.000000
   184	64.000000
   185	64.000000
   186	64.100000
   187	64.200000
   188	64.200000
   189	64.300000
   190	64.400000
   191	64.400000
   192	64.400000
   193	64.400000
   194	64.400000
   195	64.000000
   196	64.000000
   197	64.000000
   198	64.000000
   199	64.000000
   200	64.100000
   201	64.100000
   202	64.200000
   203	64.200000
   204	64.200000
   205	64.200000
   206	64.200000
   207	64.200000
   208	64.200000
   209	64.200000
   210	64.200000
   211	64.200000
   212	64.300000
   213	64.300000
   214	64.400000
   215	64.400000
   216	64.400000
   217	64.300000
   218	64.300000
   219	64.300000
   220	64.300000
   221	64.300000
   222	64.200000
   223	64.200000
   224	64.300000
   225	64.300000
   226	64.300000
   227	64.300000
   228	64.300000
   229	64.300000
   230	64.300000
   231	64.300000
   232	64.300000
   233	64.300000
   234	64.300000
   235	64.300000
   236	64.300000
   237	64.500000
   238	64.500000
   239	64.500000
   240	64.500000
   241	64.600000
   242	64.600000
   243	64.600000
   244	64.600000
   245	64.600000
   246	64.600000
   247	64.600000
   248	64.600000
   249	64.500000
   250	64.600000
   251	64.600000
   252	64.600000
   253	64.600000
   254	64.600000
   255	64.500000
   256	64.500000
   257	64.600000
   258	64.500000
   259	64.500000
   260	64.500000
   261	64.500000
   262	64.500000
   263	64.500000
   264	64.500000
   265	64.500000
   266	64.500000
   267	64.500000
   268	64.500000
   269	64.500000
   270	64.500000
   271	64.600000
   272	64.500000
   273	64.500000
   274	64.500000
   275	64.500000
   276	64.500000
   277	64.500000
   278	64.500000
   279	64.500000
   280	64.500000
   281	64.500000
   282	64.500000
   283	64.500000
   284	64.500000
   285	64.500000
   286	64.500000
   287	64.600000
   288	64.600000
   289	64.600000
   290	64.600000
   291	64.600000
   292	64.600000
   293	64.600000
   294	64.700000
   295	64.700000
   296	64.700000
   297	64.700000
   298	64.700000
   299	64.500000
   300	64.500000
   301	64.500000
   302	64.500000
   303	64.500000
   304	64.500000
   305	64.500000
   306	64.500000
   307	64.500000
   308	64.500000
   309	64.500000
   310	64.600000
   311	64.600000
   312	64.500000
   313	64.500000
   314	64.500000
   315	64.500000
   316	64.500000
   317	64.500000
   318	64.600000
   319	64.600000
   320	64.600000
   321	64.600000
   322	64.600000
   323	64.600000
   324	64.700000
   325	64.500000
   326	64.500000
   327	64.500000
   328	64.500000
   329	64.500000
   330	64.500000
   331	64.500000
   332	64.600000
   333	64.600000
   334	64.600000
   335	64.600000
   336	64.600000
   337	64.600000
   338	64.600000
   339	64.600000
   340	64.700000
   341	64.700000
   342	64.700000
   343	64.700000
   344	64.700000
   345	64.800000
   346	64.800000
   347	64.800000
   348	64.800000
   349	64.800000
   350	64.800000
   351	64.800000
   352	64.800000
   353	64.800000
   354	64.800000
   355	64.700000
   356	64.700000
   357	64.700000
   358	64.700000
   359	64.700000
   360	64.700000
   361	64.700000
   362	64.700000
   363	64.700000
   364	64.700000
   365	64.700000
   366	64.700000
   367	64.700000
   368	64.700000
   369	64.700000
   370	64.700000
   371	64.700000
   372	64.700000
   373	64.700000
   374	64.700000
   375	64.700000
   376	64.700000
   377	64.700000
   378	64.700000
   379	64.800000
   380	64.800000
   381	64.800000
   382	64.800000
   383	64.800000
   384	64.800000
   385	64.800000
   386	64.600000
   387	64.600000
   388	64.600000
   389	64.600000
   390	64.600000
   391	64.600000
   392	64.600000
   393	64.600000
   394	64.600000
   395	64.600000
   396	64.600000
   397	64.600000
   398	64.600000
   399	64.700000
   400	64.700000
   401	64.700000
   402	64.700000
   403	64.700000
   404	64.700000
   405	64.700000
   406	64.700000
   407	64.700000
   408	64.700000
   409	64.700000
   410	64.700000
   411	64.700000
   412	64.700000
   413	64.700000
   414	64.500000
   415	64.500000
   416	64.500000
   417	64.600000
   418	64.600000
   419	64.600000
   420	64.600000
   421	64.600000
   422	64.600000
   423	64.600000
   424	64.600000
   425	64.600000
   426	64.600000
   427	64.600000
   428	64.600000
   429	64.600000
   430	64.600000
   431	64.600000
   432	64.600000
   433	64.600000
   434	64.600000
   435	64.600000
   436	64.600000
   437	64.600000
   438	64.600000
   439	64.600000
   440	64.600000
   441	64.600000
   442	64.600000
   443	64.600000
   444	64.600000
   445	64.600000
   446	64.600000
   447	64.600000
   448	64.600000
   449	64.600000
   450	64.500000
   451	64.600000
   452	64.500000
   453	64.600000
   454	64.600000
   455	64.600000
   456	64.600000
   457	64.600000
   458	64.600000
   459	64.600000
   460	64.700000
   461	64.600000
   462	64.700000
   463	64.600000
   464	64.700000
   465	64.700000
   466	64.700000
   467	64.700000
   468	64.700000
   469	64.700000
   470	64.500000
   471	64.500000
   472	64.500000
   473	64.400000
   474	64.400000
   475	64.400000
   476	64.400000
   477	64.500000
   478	64.400000
   479	64.400000
   480	64.600000
   481	64.500000
   482	64.500000
   483	64.500000
   484	64.500000
   485	64.500000
   486	64.600000
   487	64.600000
   488	64.600000
   489	64.600000
   490	64.600000
   491	64.600000
   492	64.600000
   493	64.600000
   494	64.600000
   495	64.500000
   496	64.500000
   497	64.500000
   498	64.500000
   499	64.500000
   500	64.400000
   501	64.400000
   502	64.400000
   503	64.400000
   504	64.400000
   505	64.400000
   506	64.400000
   507	64.400000
   508	64.400000
   509	64.400000
   510	64.500000
   511	64.500000
   512	64.400000
   513	64.600000
   514	64.600000
   515	64.500000
   516	64.600000
   517	64.600000
   518	64.600000
   519	64.600000
   520	64.600000
   521	64.600000
   522	64.700000
   523	64.700000
   524	64.700000
   525	64.700000
   526	64.700000
   527	64.700000
   528	64.700000
   529	64.800000
   530	64.500000
   531	64.500000
   532	64.500000
   533	64.500000
   534	64.500000
   535	64.600000
   536	64.500000
   537	64.500000
   538	64.600000
   539	64.500000
   540	64.600000
   541	64.500000
   542	64.700000
   543	64.700000
   544	64.600000
   545	64.600000
   546	64.600000
   547	64.700000
   548	64.800000
   549	64.700000
   550	64.800000
   551	64.700000
   552	64.700000
   553	64.800000
   554	64.700000
   555	64.700000
   556	64.700000
   557	64.800000
   558	64.400000
   559	64.400000
   560	64.400000
   561	64.400000
   562	64.500000
   563	64.400000
   564	64.600000
   565	64.500000
   566	64.500000
   567	64.600000
   568	64.600000
   569	64.700000
   570	64.700000
   571	64.700000
   572	64.700000
   573	64.700000
   574	64.700000
   575	64.800000
   576	64.800000
   577	64.800000
   578	64.800000
   579	64.800000
   580	64.800000
   581	64.800000
   582	64.800000
   583	64.800000
   584	64.800000
   585	64.800000
   586	64.800000
   587	64.500000
   588	64.500000
   589	64.500000
   590	64.600000
   591	64.600000
   592	64.600000
   593	64.600000
   594	64.500000
   595	64.500000
   596	64.600000
   597	64.600000
   598	64.600000
   599	64.500000
   600	64.600000
   601	64.500000
   602	64.600000
   603	64.600000
   604	64.600000
   605	64.600000
   606	64.600000
   607	64.600000
   608	64.600000
   609	64.600000
   610	64.600000
   611	64.600000
   612	64.400000
   613	64.400000
   614	64.400000
   615	64.500000
   616	64.400000
   617	64.500000
   618	64.500000
   619	64.400000
   620	64.500000
   621	64.500000
   622	64.500000
   623	64.500000
   624	64.500000
   625	64.500000
   626	64.500000
   627	64.500000
   628	64.500000
   629	64.500000
   630	64.500000
   631	64.600000
   632	64.600000
   633	64.600000
   634	64.600000
   635	64.600000
   636	64.600000
   637	64.600000
   638	64.600000
   639	64.600000
   640	64.600000
   641	64.600000
   642	64.500000
   643	64.500000
   644	64.500000
   645	64.500000
   646	64.500000
   647	64.500000
   648	64.500000
   649	64.500000
   650	64.500000
   651	64.500000
   652	64.500000
   653	64.500000
   654	64.500000
   655	64.500000
   656	64.500000
   657	64.500000
   658	64.500000
   659	64.500000
   660	64.500000
   661	64.500000
   662	64.500000
   663	64.500000
   664	64.500000
   665	64.500000
   666	64.500000
   667	64.500000
   668	64.500000
   669	64.500000
   670	64.600000
   671	64.600000
   672	64.300000
   673	64.300000
   674	64.300000
   675	64.300000
   676	64.300000
   677	64.300000
   678	64.300000
   679	64.300000
   680	64.300000
   681	64.400000
   682	64.400000
   683	64.400000
   684	64.400000
   685	64.600000
   686	64.600000
   687	64.600000
   688	64.500000
   689	64.500000
   690	64.500000
   691	64.500000
   692	64.500000
   693	64.500000
   694	64.500000
   695	64.500000
   696	64.600000
   697	64.500000
   698	64.600000
   699	64.500000
   700	64.600000
   701	64.600000
   702	64.400000
   703	64.400000
   704	64.400000
   705	64.400000
   706	64.400000
   707	64.400000
   708	64.500000
   709	64.500000
   710	64.500000
   711	64.500000
   712	64.500000
   713	64.500000
   714	64.500000
   715	64.500000
   716	64.500000
   717	64.500000
   718	64.500000
   719	64.500000
   720	64.500000
   721	64.500000
   722	64.600000
   723	64.600000
   724	64.600000
   725	64.600000
   726	64.600000
   727	64.600000
   728	64.600000
   729	64.600000
   730	64.400000
   731	64.400000
   732	64.400000
   733	64.400000
   734	64.400000
   735	64.400000
   736	64.400000
   737	64.500000
   738	64.500000
   739	64.500000
   740	64.500000
   741	64.500000
   742	64.500000
   743	64.500000
   744	64.500000
   745	64.600000
   746	64.600000
   747	64.600000
   748	64.600000
   749	64.600000
   750	64.600000
   751	64.600000
   752	64.600000
   753	64.600000
   754	64.600000
   755	64.700000
   756	64.600000
   757	64.600000
   758	64.700000
   759	64.700000
   760	64.600000
   761	64.600000
   762	64.600000
   763	64.600000
   764	64.600000
   765	64.600000
   766	64.500000
   767	64.500000
   768	64.500000
   769	64.600000
   770	64.600000
   771	64.400000
   772	64.600000
   773	64.600000
   774	64.600000
   775	64.500000
   776	64.400000
   777	64.500000
   778	64.500000
   779	64.400000
   780	64.400000
   781	64.400000
   782	64.400000
   783	64.400000
   784	64.500000
   785	64.600000
   786	64.500000
   787	64.500000
   788	64.400000
   789	64.400000
   790	64.400000
   791	64.400000
   792	64.400000
   793	64.400000
   794	64.400000
   795	64.400000
   796	64.400000
   797	64.400000
   798	64.400000
   799	64.400000
   800	64.400000
   801	64.400000
   802	64.400000
   803	64.400000
   804	64.400000
   805	64.400000
   806	64.400000
   807	64.500000
   808	64.500000
   809	64.500000
   810	64.500000
   811	64.500000
   812	64.500000
   813	64.500000
   814	64.500000
   815	64.400000
   816	64.400000
   817	64.400000
   818	64.400000
   819	64.400000
   820	64.400000
   821	64.400000
   822	64.400000
   823	64.400000
   824	64.400000
   825	64.400000
   826	64.400000
   827	64.400000
   828	64.400000
   829	64.400000
   830	64.400000
   831	64.400000
   832	64.400000
   833	64.400000
   834	64.400000
   835	64.400000
   836	64.400000
   837	64.400000
   838	64.400000
   839	64.400000
   840	64.400000
   841	64.400000
   842	64.400000
   843	64.400000
   844	64.400000
   845	64.400000
   846	64.400000
   847	64.400000
   848	64.400000
   849	64.400000
   850	64.400000
   851	64.400000
   852	64.400000
   853	64.400000
   854	64.400000
   855	64.400000
   856	64.400000
   857	64.400000
   858	64.400000
   859	64.400000
   860	64.400000
   861	64.400000
   862	64.400000
   863	64.400000
   864	64.400000
   865	64.400000
   866	64.400000
   867	64.400000
   868	64.400000
   869	64.400000
   870	64.400000
   871	64.400000
   872	64.400000
   873	64.400000
   874	64.400000
   875	64.400000
   876	64.400000
   877	64.400000
   878	64.400000
   879	64.400000
   880	64.400000
   881	64.400000
   882	64.400000
   883	64.400000
   884	64.400000
   885	64.400000
   886	64.400000
   887	64.400000
   888	64.400000
   889	64.400000
   890	64.400000
   891	64.400000
   892	64.400000
   893	64.400000
   894	64.400000
   895	64.400000
   896	64.400000
   897	64.400000
   898	64.400000
   899	64.400000
   900	64.400000
   901	64.400000
   902	64.400000
   903	64.400000
   904	64.400000
   905	64.400000
   906	64.400000
   907	64.400000
   908	64.400000
   909	64.400000
   910	64.400000
   911	64.400000
   912	64.400000
   913	64.400000
   914	64.400000
   915	64.400000
   916	64.400000
   917	64.400000
   918	64.400000
   919	64.400000
   920	64.400000
   921	64.400000
   922	64.400000
   923	64.400000
   924	64.400000
   925	64.400000
   926	64.400000
   927	64.400000
   928	64.400000
   929	64.400000
   930	64.400000
   931	64.400000
   932	64.400000
   933	64.400000
   934	64.400000
   935	64.400000
   936	64.400000
   937	64.400000
   938	64.400000
   939	64.400000
   940	64.400000
   941	64.400000
   942	64.400000
   943	64.400000
   944	64.400000
   945	64.400000
   946	64.400000
   947	64.400000
   948	64.400000
   949	64.400000
   950	64.400000
   951	64.400000
   952	64.400000
   953	64.400000
   954	64.400000
   955	64.400000
   956	64.400000
   957	64.400000
   958	64.400000
   959	64.400000
   960	64.400000
   961	64.400000
   962	64.400000
   963	64.400000
   964	64.400000
   965	64.400000
   966	64.400000
   967	64.400000
   968	64.400000
   969	64.400000
   970	64.400000
   971	64.400000
   972	64.400000
   973	64.400000
   974	64.400000
   975	64.400000
   976	64.400000
   977	64.400000
   978	64.400000
   979	64.400000
   980	64.400000
   981	64.400000
   982	64.400000
   983	64.400000
   984	64.400000
   985	64.400000
   986	64.400000
   987	64.400000
   988	64.400000
   989	64.400000
   990	64.400000
   991	64.400000
   992	64.400000
   993	64.400000
   994	64.400000
   995	64.400000
   996	64.400000
   997	64.400000
   998	64.400000
   999	64.400000
  1000	64.400000
  1001	64.400000
  1002	64.400000
  1003	64.400000
  1004	64.400000
  1005	64.400000
  1006	64.400000
  1007	64.400000
  1008	64.400000
  1009	64.400000
  1010	64.400000
  1011	64.400000
  1012	64.400000
  1013	64.400000
  1014	64.400000
  1015	64.400000
  1016	64.400000
  1017	64.400000
  1018	64.400000
  1019	64.400000
  1020	64.400000
  1021	64.400000
  1022	64.400000
  1023	64.400000
  1024	64.400000
  1025	64.400000
  1026	64.400000
  1027	64.400000
  1028	64.400000
  1029	64.400000
  1030	64.400000
  1031	64.400000
  1032	64.400000
  1033	64.400000
  1034	64.400000
  1035	64.400000
  1036	64.400000
  1037	64.400000
  1038	64.400000
  1039	64.400000
  1040	64.400000
  1041	64.400000
  1042	64.400000
  1043	64.400000
  1044	64.400000
  1045	64.400000
  1046	64.400000
  1047	64.400000
  1048	64.400000
  1049	64.400000
  1050	64.400000
  1051	64.400000
  1052	64.400000
  1053	64.400000
  1054	64.400000
  1055	64.400000
  1056	64.400000
  1057	64.400000
  1058	64.400000
  1059	64.400000
  1060	64.400000
  1061	64.400000
  1062	64.400000
  1063	64.400000
  1064	64.400000
  1065	64.400000
  1066	64.400000
  1067	64.400000
  1068	64.400000
  1069	64.400000
  1070	64.400000
  1071	64.400000
  1072	64.400000
  1073	64.400000
  1074	64.400000
  1075	64.400000
  1076	64.400000
  1077	64.400000
  1078	64.400000
  1079	64.400000
  1080	64.400000
  1081	64.400000
  1082	64.400000
  1083	64.400000
  1084	64.400000
  1085	64.400000
  1086	64.400000
  1087	64.400000
  1088	64.400000
  1089	64.400000
  1090	64.400000
  1091	64.400000
  1092	64.400000
  1093	64.400000
  1094	64.400000
  1095	64.400000
  1096	64.400000
  1097	64.400000
  1098	64.400000
  1099	64.400000
  1100	64.400000
  1101	64.400000
  1102	64.400000
  1103	64.400000
  1104	64.400000
  1105	64.400000
  1106	64.400000
  1107	64.400000
  1108	64.400000
  1109	64.400000
  1110	64.400000
  1111	64.400000
  1112	64.400000
  1113	64.400000
  1114	64.400000
  1115	64.400000
  1116	64.400000
  1117	64.400000
  1118	64.400000
  1119	64.400000
  1120	64.500000
  1121	64.500000
  1122	64.500000
  1123	64.500000
  1124	64.500000
  1125	64.500000
  1126	64.400000
  1127	64.400000
  1128	64.400000
  1129	64.400000
  1130	64.400000
  1131	64.400000
  1132	64.400000
  1133	64.400000
  1134	64.400000
  1135	64.400000
  1136	64.400000
  1137	64.400000
  1138	64.400000
  1139	64.400000
  1140	64.400000
  1141	64.400000
  1142	64.400000
  1143	64.400000
  1144	64.400000
  1145	64.400000
  1146	64.400000
  1147	64.400000
  1148	64.500000
  1149	64.400000
  1150	64.500000
  1151	64.500000
  1152	64.500000
  1153	64.400000
  1154	64.400000
  1155	64.400000
  1156	64.400000
  1157	64.400000
  1158	64.400000
  1159	64.500000
  1160	64.500000
  1161	64.500000
  1162	64.500000
  1163	64.500000
  1164	64.500000
  1165	64.500000
  1166	64.500000
  1167	64.500000
  1168	64.500000
  1169	64.500000
  1170	64.500000
  1171	64.500000
  1172	64.500000
  1173	64.500000
  1174	64.500000
  1175	64.500000
  1176	64.500000
  1177	64.500000
  1178	64.500000
  1179	64.500000
  1180	64.500000
  1181	64.500000
  1182	64.500000
  1183	64.500000
  1184	64.500000
  1185	64.500000
  1186	64.500000
  1187	64.500000
  1188	64.500000
  1189	64.500000
  1190	64.500000
  1191	64.500000
  1192	64.500000
  1193	64.500000
  1194	64.500000
  1195	64.500000
  1196	64.500000
  1197	64.500000
  1198	64.500000
  1199	64.500000
  1200	64.500000
  1201	64.500000
  1202	64.500000
  1203	64.500000
  1204	64.500000
  1205	64.500000
  1206	64.500000
  1207	64.500000
  1208	64.500000
  1209	64.500000
  1210	64.500000
  1211	64.500000
  1212	64.500000
  1213	64.500000
  1214	64.500000
  1215	64.500000
  1216	64.500000
  1217	64.500000
  1218	64.500000
  1219	64.500000
  1220	64.500000
  1221	64.500000
  1222	64.500000
  1223	64.500000
  1224	64.500000
  1225	64.500000
  1226	64.500000
  1227	64.500000
  1228	64.500000
  1229	64.500000
  1230	64.500000
  1231	64.500000
  1232	64.500000
  1233	64.500000
  1234	64.500000
  1235	64.500000
  1236	64.500000
  1237	64.500000
  1238	64.500000
  1239	64.500000
  1240	64.500000
  1241	64.500000
  1242	64.500000
  1243	64.500000
  1244	64.500000
  1245	64.500000
  1246	64.500000
  1247	64.500000
  1248	64.500000
  1249	64.500000
  1250	64.500000
  1251	64.500000
  1252	64.500000
  1253	64.500000
  1254	64.500000
  1255	64.500000
  1256	64.500000
  1257	64.500000
  1258	64.500000
  1259	64.500000
  1260	64.500000
  1261	64.500000
  1262	64.500000
  1263	64.500000
  1264	64.500000
  1265	64.500000
  1266	64.500000
  1267	64.500000
  1268	64.500000
  1269	64.500000
  1270	64.500000
  1271	64.500000
  1272	64.500000
  1273	64.500000
  1274	64.500000
  1275	64.500000
  1276	64.500000
  1277	64.500000
  1278	64.500000
  1279	64.500000
  1280	64.500000
  1281	64.500000
  1282	64.500000
  1283	64.500000
  1284	64.500000
  1285	64.500000
  1286	64.500000
  1287	64.500000
  1288	64.500000
  1289	64.500000
  1290	64.500000
  1291	64.500000
  1292	64.500000
  1293	64.500000
  1294	64.500000
  1295	64.500000
  1296	64.500000
  1297	64.500000
  1298	64.500000
  1299	64.500000
  1300	64.500000
  1301	64.500000
  1302	64.500000
  1303	64.500000
  1304	64.500000
  1305	64.500000
  1306	64.500000
  1307	64.500000
  1308	64.500000
  1309	64.500000
  1310	64.500000
  1311	64.500000
  1312	64.500000
  1313	64.500000
  1314	64.500000
  1315	64.500000
  1316	64.500000
  1317	64.500000
  1318	64.500000
  1319	64.500000
  1320	64.500000
  1321	64.500000
  1322	64.500000
  1323	64.500000
  1324	64.500000
  1325	64.500000
  1326	64.500000
  1327	64.500000
  1328	64.500000
  1329	64.500000
  1330	64.500000
  1331	64.500000
  1332	64.500000
  1333	64.500000
  1334	64.500000
  1335	64.500000
  1336	64.500000
  1337	64.500000
  1338	64.500000
  1339	64.500000
  1340	64.500000
  1341	64.500000
  1342	64.500000
  1343	64.500000
  1344	64.500000
  1345	64.500000
  1346	64.500000
  1347	64.500000
  1348	64.500000
  1349	64.500000
  1350	64.500000
  1351	64.500000
  1352	64.500000
  1353	64.500000
  1354	64.500000
  1355	64.500000
  1356	64.500000
  1357	64.500000
  1358	64.500000
  1359	64.500000
  1360	64.500000
  1361	64.500000
  1362	64.500000
  1363	64.500000
  1364	64.500000
  1365	64.500000
  1366	64.500000
  1367	64.500000
  1368	64.500000
  1369	64.500000
  1370	64.500000
  1371	64.500000
  1372	64.500000
  1373	64.500000
  1374	64.500000
  1375	64.500000
  1376	64.500000
  1377	64.500000
  1378	64.500000
  1379	64.500000
  1380	64.500000
  1381	64.500000
  1382	64.500000
  1383	64.500000
  1384	64.500000
  1385	64.500000
  1386	64.500000
  1387	64.500000
  1388	64.500000
  1389	64.500000
  1390	64.500000
  1391	64.500000
  1392	64.500000
  1393	64.500000
  1394	64.500000
  1395	64.500000
  1396	64.500000
  1397	64.500000
  1398	64.500000
  1399	64.500000
  1400	64.500000
  1401	64.500000
  1402	64.500000
  1403	64.500000
  1404	64.500000
  1405	64.500000
  1406	64.500000
  1407	64.500000
  1408	64.500000
  1409	64.500000
  1410	64.500000
  1411	64.500000
  1412	64.500000
  1413	64.500000
  1414	64.500000
  1415	64.500000
  1416	64.500000
  1417	64.500000
  1418	64.500000
  1419	64.500000
  1420	64.500000
  1421	64.500000
  1422	64.500000
  1423	64.500000
  1424	64.500000
  1425	64.500000
  1426	64.500000
  1427	64.500000
  1428	64.500000
  1429	64.500000
  1430	64.500000
  1431	64.500000
  1432	64.500000
  1433	64.500000
  1434	64.500000
  1435	64.500000
  1436	64.500000
  1437	64.500000
  1438	64.500000
  1439	64.500000
  1440	64.500000
  1441	64.500000
  1442	64.500000
  1443	64.500000
  1444	64.500000
  1445	64.500000
  1446	64.500000
  1447	64.500000
  1448	64.500000
  1449	64.500000
  1450	64.500000
  1451	64.500000
  1452	64.500000
  1453	64.500000
  1454	64.500000
  1455	64.500000
  1456	64.500000
  1457	64.500000
  1458	64.500000
  1459	64.500000
  1460	64.500000
  1461	64.500000
  1462	64.500000
  1463	64.500000
  1464	64.500000
  1465	64.500000
  1466	64.500000
  1467	64.500000
  1468	64.500000
  1469	64.500000
  1470	64.500000
  1471	64.500000
  1472	64.500000
  1473	64.500000
  1474	64.500000
  1475	64.500000
  1476	64.500000
  1477	64.500000
  1478	64.500000
  1479	64.500000
  1480	64.500000
  1481	64.500000
  1482	64.500000
  1483	64.500000
  1484	64.500000
  1485	64.500000
  1486	64.500000
  1487	64.500000
  1488	64.500000
  1489	64.500000
  1490	64.500000
  1491	64.500000
  1492	64.500000
  1493	64.500000
  1494	64.500000
  1495	64.500000
  1496	64.500000
  1497	64.500000
  1498	64.500000
  1499	64.500000
  1500	64.500000
  1501	64.500000
  1502	64.500000
  1503	64.500000
  1504	64.500000
  1505	64.500000
  1506	64.500000
  1507	64.500000
  1508	64.500000
  1509	64.500000
  1510	64.500000
  1511	64.500000
  1512	64.500000
  1513	64.500000
  1514	64.500000
  1515	64.500000
  1516	64.500000
  1517	64.500000
  1518	64.500000
  1519	64.500000
  1520	64.500000
  1521	64.500000
  1522	64.500000
  1523	64.500000
  1524	64.500000
  1525	64.500000
  1526	64.500000
  1527	64.500000
  1528	64.500000
  1529	64.500000
  1530	64.500000
  1531	64.500000
  1532	64.500000
  1533	64.500000
  1534	64.500000
  1535	64.500000
  1536	64.500000
  1537	64.500000
  1538	64.500000
  1539	64.500000
  1540	64.500000
  1541	64.500000
  1542	64.500000
  1543	64.500000
  1544	64.500000
  1545	64.500000
  1546	64.500000
  1547	64.400000
  1548	64.400000
  1549	64.400000
  1550	64.400000
  1551	64.500000
  1552	64.400000
  1553	64.400000
  1554	64.400000
  1555	64.400000
  1556	64.400000
  1557	64.400000
  1558	64.500000
  1559	64.500000
  1560	64.500000
  1561	64.500000
  1562	64.500000
  1563	64.500000
  1564	64.500000
  1565	64.500000
  1566	64.500000
  1567	64.500000
  1568	64.500000
  1569	64.500000
  1570	64.500000
  1571	64.500000
  1572	64.500000
  1573	64.500000
  1574	64.500000
  1575	64.400000
  1576	64.400000
  1577	64.400000
  1578	64.400000
  1579	64.400000
  1580	64.400000
  1581	64.400000
  1582	64.400000
  1583	64.400000
  1584	64.400000
  1585	64.400000
  1586	64.400000
  1587	64.400000
  1588	64.400000
  1589	64.400000
  1590	64.400000
  1591	64.400000
  1592	64.400000
  1593	64.400000
  1594	64.400000
  1595	64.400000
  1596	64.400000
  1597	64.400000
  1598	64.400000
  1599	64.400000
  1600	64.500000
  1601	64.500000
  1602	64.400000
  1603	64.400000
  1604	64.400000
  1605	64.400000
  1606	64.400000
  1607	64.400000
  1608	64.400000
  1609	64.400000
  1610	64.400000
  1611	64.400000
  1612	64.400000
  1613	64.400000
  1614	64.400000
  1615	64.400000
  1616	64.400000
  1617	64.400000
  1618	64.400000
  1619	64.400000
  1620	64.400000
  1621	64.400000
  1622	64.400000
  1623	64.400000
  1624	64.400000
  1625	64.400000
  1626	64.400000
  1627	64.400000
  1628	64.400000
  1629	64.400000
  1630	64.400000
  1631	64.400000
  1632	64.400000
  1633	64.400000
  1634	64.400000
  1635	64.400000
  1636	64.400000
  1637	64.400000
  1638	64.400000
  1639	64.400000
  1640	64.400000
  1641	64.400000
  1642	64.400000
  1643	64.400000
  1644	64.400000
  1645	64.400000
  1646	64.400000
  1647	64.400000
  1648	64.400000
  1649	64.400000
  1650	64.400000
  1651	64.400000
  1652	64.400000
  1653	64.400000
  1654	64.400000
  1655	64.400000
  1656	64.400000
  1657	64.400000
  1658	64.400000
  1659	64.400000
  1660	64.400000
  1661	64.400000
  1662	64.400000
  1663	64.400000
  1664	64.400000
  1665	64.400000
  1666	64.400000
  1667	64.400000
  1668	64.400000
  1669	64.400000
  1670	64.400000
  1671	64.400000
  1672	64.400000
  1673	64.400000
  1674	64.400000
  1675	64.400000
  1676	64.400000
  1677	64.400000
  1678	64.400000
  1679	64.400000
  1680	64.400000
  1681	64.400000
  1682	64.400000
  1683	64.400000
  1684	64.400000
  1685	64.400000
  1686	64.400000
  1687	64.400000
  1688	64.400000
  1689	64.400000
  1690	64.400000
  1691	64.400000
  1692	64.400000
  1693	64.400000
  1694	64.400000
  1695	64.400000
  1696	64.400000
  1697	64.400000
  1698	64.400000
  1699	64.400000
  1700	64.400000
  1701	64.400000
  1702	64.400000
  1703	64.400000
  1704	64.400000
  1705	64.400000
  1706	64.400000
  1707	64.400000
  1708	64.400000
  1709	64.400000
  1710	64.400000
  1711	64.400000
  1712	64.400000
  1713	64.400000
  1714	64.400000
  1715	64.400000
  1716	64.400000
  1717	64.400000
  1718	64.400000
  1719	64.400000
  1720	64.400000
  1721	64.400000
  1722	64.400000
  1723	64.400000
  1724	64.400000
  1725	64.400000
  1726	64.400000
  1727	64.400000
  1728	64.400000
  1729	64.400000
  1730	64.400000
  1731	64.400000
  1732	64.400000
  1733	64.400000
  1734	64.400000
  1735	64.400000
  1736	64.400000
  1737	64.400000
  1738	64.400000
  1739	64.400000
  1740	64.400000
  1741	64.400000
  1742	64.400000
  1743	64.400000
  1744	64.400000
  1745	64.400000
  1746	64.400000
  1747	64.400000
  1748	64.400000
  1749	64.400000
  1750	64.400000
  1751	64.400000
  1752	64.400000
  1753	64.400000
  1754	64.400000
  1755	64.400000
  1756	64.400000
  1757	64.400000
  1758	64.400000
  1759	64.400000
  1760	64.400000
  1761	64.400000
  1762	64.400000
  1763	64.400000
  1764	64.400000
  1765	64.400000
  1766	64.400000
  1767	64.400000
  1768	64.400000
  1769	64.400000
  1770	64.400000
  1771	64.400000
  1772	64.400000
  1773	64.400000
  1774	64.400000
  1775	64.400000
  1776	64.400000
  1777	64.400000
  1778	64.400000
  1779	64.400000
  1780	64.400000
  1781	64.400000
  1782	64.400000
  1783	64.400000
  1784	64.400000
  1785	64.400000
  1786	64.400000
  1787	64.400000
  1788	64.400000
  1789	64.400000
  1790	64.400000
  1791	64.400000
  1792	64.400000
  1793	64.400000
  1794	64.400000
  1795	64.400000
  1796	64.400000
  1797	64.400000
  1798	64.400000
  1799	64.400000
  1800	64.400000
  1801	64.400000
  1802	64.400000
  1803	64.400000
  1804	64.400000
  1805	64.400000
  1806	64.400000
  1807	64.400000
  1808	64.400000
  1809	64.400000
  1810	64.400000
  1811	64.400000
  1812	64.400000
  1813	64.400000
  1814	64.400000
  1815	64.400000
  1816	64.400000
  1817	64.400000
  1818	64.400000
  1819	64.400000
  1820	64.400000
  1821	64.400000
  1822	64.400000
  1823	64.400000
  1824	64.400000
  1825	64.400000
  1826	64.400000
  1827	64.400000
  1828	64.400000
  1829	64.400000
  1830	64.400000
  1831	64.400000
  1832	64.400000
  1833	64.400000
  1834	64.400000
  1835	64.400000
  1836	64.400000
  1837	64.400000
  1838	64.400000
  1839	64.400000
  1840	64.400000
  1841	64.400000
  1842	64.400000
  1843	64.400000
  1844	64.400000
  1845	64.400000
  1846	64.400000
  1847	64.400000
  1848	64.400000
  1849	64.400000
  1850	64.400000
  1851	64.400000
  1852	64.400000
  1853	64.400000
  1854	64.400000
  1855	64.400000
  1856	64.400000
  1857	64.400000
  1858	64.400000
  1859	64.400000
  1860	64.400000
  1861	64.400000
  1862	64.400000
  1863	64.400000
  1864	64.400000
  1865	64.400000
  1866	64.400000
  1867	64.400000
  1868	64.400000
  1869	64.400000
  1870	64.400000
  1871	64.400000
  1872	64.400000
  1873	64.400000
  1874	64.400000
  1875	64.400000
  1876	64.400000
  1877	64.400000
  1878	64.400000
  1879	64.400000
  1880	64.400000
  1881	64.400000
  1882	64.400000
  1883	64.400000
  1884	64.400000
  1885	64.400000
  1886	64.400000
  1887	64.400000
  1888	64.400000
  1889	64.400000
  1890	64.400000
  1891	64.400000
  1892	64.400000
  1893	64.400000
  1894	64.400000
  1895	64.400000
  1896	64.400000
  1897	64.400000
  1898	64.400000
  1899	64.400000
  1900	64.400000
  1901	64.400000
  1902	64.400000
  1903	64.400000
  1904	64.400000
  1905	64.400000
  1906	64.400000
  1907	64.400000
  1908	64.400000
  1909	64.400000
  1910	64.400000
  1911	64.400000
  1912	64.400000
  1913	64.400000
  1914	64.400000
  1915	64.400000
  1916	64.400000
  1917	64.400000
  1918	64.400000
  1919	64.400000
  1920	64.400000
  1921	64.400000
  1922	64.400000
  1923	64.400000
  1924	64.400000
  1925	64.400000
  1926	64.400000
  1927	64.400000
  1928	64.400000
  1929	64.400000
  1930	64.400000
  1931	64.400000
  1932	64.400000
  1933	64.400000
  1934	64.400000
  1935	64.400000
  1936	64.400000
  1937	64.400000
  1938	64.400000
  1939	64.400000
  1940	64.400000
  1941	64.400000
  1942	64.400000
  1943	64.400000
  1944	64.400000
  1945	64.400000
  1946	64.400000
  1947	64.400000
  1948	64.400000
  1949	64.400000
  1950	64.400000
  1951	64.400000
  1952	64.400000
  1953	64.400000
  1954	64.400000
  1955	64.400000
  1956	64.400000
  1957	64.400000
  1958	64.400000
  1959	64.400000
  1960	64.400000
  1961	64.400000
  1962	64.400000
  1963	64.400000
  1964	64.400000
  1965	64.400000
  1966	64.400000
  1967	64.400000
  1968	64.400000
  1969	64.400000
  1970	64.400000
  1971	64.400000
  1972	64.400000
  1973	64.400000
  1974	64.400000
  1975	64.400000
  1976	64.400000
  1977	64.400000
  1978	64.400000
  1979	64.400000
  1980	64.400000
  1981	64.400000
  1982	64.400000
  1983	64.400000
  1984	64.400000
  1985	64.400000
  1986	64.400000
  1987	64.400000
  1988	64.400000
  1989	64.400000
  1990	64.400000
  1991	64.400000
  1992	64.400000
  1993	64.400000
  1994	64.400000
  1995	64.400000
  1996	64.400000
  1997	64.400000
  1998	64.400000
  1999	64.400000
  2000	64.400000
  2001	64.400000
  2002	64.400000
  2003	64.400000
  2004	64.400000
  2005	64.400000
  2006	64.400000
  2007	64.400000
  2008	64.400000
  2009	64.400000
  2010	64.400000
  2011	64.400000
  2012	64.400000
  2013	64.400000
  2014	64.400000
  2015	64.400000
  2016	64.400000
  2017	64.400000
  2018	64.400000
  2019	64.400000
  2020	64.400000
  2021	64.400000
  2022	64.400000
  2023	64.400000
  2024	64.400000
  2025	64.400000
  2026	64.400000
  2027	64.400000
  2028	64.400000
  2029	64.400000
  2030	64.400000
  2031	64.400000
  2032	64.400000
  2033	64.400000
  2034	64.400000
  2035	64.400000
  2036	64.400000
  2037	64.400000
  2038	64.400000
  2039	64.400000
  2040	64.400000
  2041	64.400000
  2042	64.400000
  2043	64.400000
  2044	64.400000
  2045	64.400000
  2046	64.400000
  2047	64.400000
  2048	64.400000
  2049	64.400000
  2050	64.400000
  2051	64.400000
  2052	64.400000
  2053	64.400000
  2054	64.400000
  2055	64.400000
  2056	64.400000
  2057	64.400000
  2058	64.400000
  2059	64.400000
  2060	64.400000
  2061	64.400000
  2062	64.400000
  2063	64.400000
  2064	64.400000
  2065	64.400000
  2066	64.400000
  2067	64.400000
  2068	64.400000
  2069	64.400000
  2070	64.400000
  2071	64.400000
  2072	64.400000
  2073	64.400000
  2074	64.400000
  2075	64.400000
  2076	64.400000
  2077	64.400000
  2078	64.400000
  2079	64.400000
  2080	64.400000
  2081	64.400000
  2082	64.400000
  2083	64.400000
  2084	64.400000
  2085	64.400000
  2086	64.400000
  2087	64.400000
  2088	64.400000
  2089	64.400000
  2090	64.400000
  2091	64.400000
  2092	64.400000
  2093	64.400000
  2094	64.400000
  2095	64.400000
  2096	64.400000
  2097	64.400000
  2098	64.400000
  2099	64.400000
  2100	64.400000
  2101	64.400000
  2102	64.400000
  2103	64.400000
  2104	64.400000
  2105	64.400000
  2106	64.400000
  2107	64.400000
  2108	64.400000
  2109	64.400000
  2110	64.400000
  2111	64.400000
  2112	64.400000
  2113	64.400000
  2114	64.400000
  2115	64.400000
  2116	64.400000
  2117	64.400000
  2118	64.400000
  2119	64.400000
  2120	64.400000
  2121	64.400000
  2122	64.400000
  2123	64.400000
  2124	64.400000
  2125	64.400000
  2126	64.400000
  2127	64.400000
  2128	64.400000
  2129	64.400000
  2130	64.400000
  2131	64.400000
  2132	64.400000
  2133	64.400000
  2134	64.400000
  2135	64.400000
  2136	64.400000
  2137	64.400000
  2138	64.400000
  2139	64.400000
  2140	64.400000
  2141	64.400000
  2142	64.400000
  2143	64.400000
  2144	64.400000
  2145	64.400000
  2146	64.400000
  2147	64.400000
  2148	64.400000
  2149	64.400000
  2150	64.400000
  2151	64.400000
  2152	64.400000
  2153	64.400000
  2154	64.400000
  2155	64.400000
  2156	64.400000
  2157	64.400000
  2158	64.400000
  2159	64.400000
  2160	64.400000
  2161	64.400000
  2162	64.400000
  2163	64.400000
  2164	64.400000
  2165	64.400000
  2166	64.400000
  2167	64.400000
  2168	64.400000
  2169	64.400000
  2170	64.400000
  2171	64.400000
  2172	64.400000
  2173	64.400000
  2174	64.400000
  2175	64.400000
  2176	64.400000
  2177	64.400000
  2178	64.400000
  2179	64.400000
  2180	64.400000
  2181	64.400000
  2182	64.400000
  2183	64.400000
  2184	64.400000
  2185	64.400000
  2186	64.400000
  2187	64.400000
  2188	64.400000
  2189	64.400000
  2190	64.400000
  2191	64.400000
  2192	64.400000
  2193	64.400000
  2194	64.400000
  2195	64.400000
  2196	64.400000
  2197	64.400000
  2198	64.400000
  2199	64.400000
  2200	64.400000
  2201	64.400000
  2202	64.400000
  2203	64.400000
  2204	64.400000
  2205	64.400000
  2206	64.400000
  2207	64.400000
  2208	64.400000
  2209	64.400000
  2210	64.400000
  2211	64.400000
  2212	64.400000
  2213	64.400000
  2214	64.400000
  2215	64.400000
  2216	64.400000
  2217	64.400000
  2218	64.400000
  2219	64.400000
  2220	64.400000
  2221	64.400000
  2222	64.400000
  2223	64.400000
  2224	64.400000
  2225	64.400000
  2226	64.400000
  2227	64.400000
  2228	64.400000
  2229	64.400000
  2230	64.400000
  2231	64.400000
  2232	64.400000
  2233	64.400000
  2234	64.400000
  2235	64.400000
  2236	64.400000
  2237	64.400000
  2238	64.400000
  2239	64.400000
  2240	64.400000
  2241	64.400000
  2242	64.400000
  2243	64.400000
  2244	64.400000
  2245	64.400000
  2246	64.400000
  2247	64.400000
  2248	64.400000
  2249	64.400000
  2250	64.400000
  2251	64.400000
  2252	64.400000
  2253	64.400000
  2254	64.400000
  2255	64.400000
  2256	64.400000
  2257	64.400000
  2258	64.400000
  2259	64.400000
  2260	64.400000
  2261	64.400000
  2262	64.400000
  2263	64.400000
  2264	64.400000
  2265	64.400000
  2266	64.400000
  2267	64.400000
  2268	64.400000
  2269	64.400000
  2270	64.400000
  2271	64.400000
  2272	64.400000
  2273	64.400000
  2274	64.400000
  2275	64.400000
  2276	64.400000
  2277	64.400000
  2278	64.400000
  2279	64.400000
  2280	64.400000
  2281	64.400000
  2282	64.400000
  2283	64.400000
  2284	64.400000
  2285	64.400000
  2286	64.400000
  2287	64.400000
  2288	64.400000
  2289	64.400000
  2290	64.400000
  2291	64.400000
  2292	64.400000
  2293	64.400000
  2294	64.400000
  2295	64.400000
  2296	64.400000
  2297	64.400000
  2298	64.400000
  2299	64.400000
  2300	64.400000
  2301	64.400000
  2302	64.400000
  2303	64.400000
  2304	64.400000
  2305	64.400000
  2306	64.400000
  2307	64.400000
  2308	64.400000
  2309	64.400000
  2310	64.400000
  2311	64.400000
  2312	64.400000
  2313	64.400000
  2314	64.400000
  2315	64.400000
  2316	64.400000
  2317	64.400000
  2318	64.400000
  2319	64.400000
  2320	64.400000
  2321	64.400000
  2322	64.400000
  2323	64.400000
  2324	64.400000
  2325	64.400000
  2326	64.400000
  2327	64.400000
  2328	64.400000
  2329	64.400000
  2330	64.400000
  2331	64.400000
  2332	64.400000
  2333	64.400000
  2334	64.400000
  2335	64.400000
  2336	64.400000
  2337	64.400000
  2338	64.400000
  2339	64.400000
  2340	64.400000
  2341	64.400000
  2342	64.400000
  2343	64.400000
  2344	64.400000
  2345	64.400000
  2346	64.400000
  2347	64.400000
  2348	64.400000
  2349	64.400000
  2350	64.400000
  2351	64.400000
  2352	64.400000
  2353	64.400000
  2354	64.400000
  2355	64.400000
  2356	64.400000
  2357	64.400000
  2358	64.400000
  2359	64.400000
  2360	64.400000
  2361	64.400000
  2362	64.400000
  2363	64.400000
  2364	64.400000
  2365	64.400000
  2366	64.400000
  2367	64.400000
  2368	64.400000
  2369	64.400000
  2370	64.400000
  2371	64.400000
  2372	64.400000
  2373	64.400000
  2374	64.400000
  2375	64.400000
  2376	64.400000
  2377	64.400000
  2378	64.400000
  2379	64.400000
  2380	64.400000
  2381	64.400000
  2382	64.400000
  2383	64.400000
  2384	64.400000
  2385	64.400000
  2386	64.400000
  2387	64.400000
  2388	64.400000
  2389	64.400000
  2390	64.400000
  2391	64.400000
  2392	64.400000
  2393	64.400000
  2394	64.400000
  2395	64.400000
  2396	64.400000
  2397	64.400000
  2398	64.400000
  2399	64.400000
  2400	64.400000
  2401	64.400000
  2402	64.400000
  2403	64.400000
  2404	64.400000
  2405	64.400000
  2406	64.400000
  2407	64.400000
  2408	64.400000
  2409	64.400000
  2410	64.400000
  2411	64.400000
  2412	64.400000
  2413	64.400000
  2414	64.400000
  2415	64.400000
  2416	64.400000
  2417	64.400000
  2418	64.400000
  2419	64.400000
  2420	64.400000
  2421	64.400000
  2422	64.400000
  2423	64.400000
  2424	64.400000
  2425	64.400000
  2426	64.400000
  2427	64.400000
  2428	64.400000
  2429	64.400000
  2430	64.400000
  2431	64.400000
  2432	64.400000
  2433	64.400000
  2434	64.400000
  2435	64.400000
  2436	64.400000
  2437	64.400000
  2438	64.400000
  2439	64.400000
  2440	64.400000
  2441	64.400000
  2442	64.400000
  2443	64.400000
  2444	64.400000
  2445	64.400000
  2446	64.400000
  2447	64.400000
  2448	64.400000
  2449	64.400000
  2450	64.400000
  2451	64.400000
  2452	64.400000
  2453	64.400000
  2454	64.400000
  2455	64.400000
  2456	64.400000
  2457	64.400000
  2458	64.400000
  2459	64.400000
  2460	64.400000
  2461	64.400000
  2462	64.400000
  2463	64.400000
  2464	64.400000
  2465	64.400000
  2466	64.400000
  2467	64.400000
  2468	64.400000
  2469	64.400000
  2470	64.400000
  2471	64.400000
  2472	64.400000
  2473	64.400000
  2474	64.400000
  2475	64.400000
  2476	64.400000
  2477	64.400000
  2478	64.400000
  2479	64.400000
