     0	0
     1	3.000000
     2	13.100000
     3	19.400000
     4	22.600000
     5	25.300000
     6	27.200000
     7	28.900000
     8	30.400000
     9	31.300000
    10	32.300000
    11	33.000000
    12	33.700000
    13	34.200000
    14	34.700000
    15	35.200000
    16	35.400000
    17	35.900000
    18	36.300000
    19	36.500000
    20	37.100000
    21	37.200000
    22	37.500000
    23	36.200000
    24	36.600000
    25	36.800000
    26	37.200000
    27	37.400000
    28	37.600000
    29	37.700000
    30	37.800000
    31	38.100000
    32	38.200000
    33	38.200000
    34	38.400000
    35	38.500000
    36	38.600000
    37	38.900000
    38	38.900000
    39	38.900000
    40	39.000000
    41	39.200000
    42	39.200000
    43	39.200000
    44	39.300000
    45	39.500000
    46	39.600000
    47	39.700000
    48	39.800000
    49	39.800000
    50	39.900000
    51	39.900000
    52	39.900000
    53	39.900000
    54	40.000000
    55	40.100000
    56	39.600000
    57	39.700000
    58	39.700000
    59	39.700000
    60	39.700000
    61	39.800000
    62	39.800000
    63	40.100000
    64	40.300000
    65	40.300000
    66	40.300000
    67	40.300000
    68	40.300000
    69	40.300000
    70	40.400000
    71	40.500000
    72	40.500000
    73	40.500000
    74	40.600000
    75	40.600000
    76	40.600000
    77	40.700000
    78	40.800000
    79	40.800000
    80	40.900000
    81	40.800000
    82	40.800000
    83	40.900000
    84	41.000000
    85	41.100000
    86	41.100000
    87	41.200000
    88	41.200000
    89	41.200000
    90	41.200000
    91	41.300000
    92	41.200000
    93	41.300000
    94	40.900000
    95	40.900000
    96	41.000000
    97	41.000000
    98	41.000000
    99	41.100000
   100	41.100000
   101	41.100000
   102	41.200000
   103	41.200000
   104	41.200000
   105	41.200000
   106	41.200000
   107	41.200000
   108	41.200000
   109	41.200000
   110	41.200000
   111	41.200000
   112	41.200000
   113	41.300000
   114	41.300000
   115	41.300000
   116	41.400000
   117	41.400000
   118	41.400000
   119	41.500000
   120	41.500000
   121	41.600000
   122	41.600000
   123	41.700000
   124	41.700000
   125	41.700000
   126	41.300000
   127	41.300000
   128	41.300000
   129	41.400000
   130	41.400000
   131	41.400000
   132	41.400000
   133	41.400000
   134	41.400000
   135	41.400000
   136	41.400000
   137	41.400000
   138	41.500000
   139	41.600000
   140	41.600000
   141	41.500000
   142	41.600000
   143	41.500000
   144	41.500000
   145	41.600000
   146	41.500000
   147	41.600000
   148	41.600000
   149	41.500000
   150	41.500000
   151	41.500000
   152	41.600000
   153	41.700000
   154	41.600000
   155	41.500000
   156	41.600000
   157	41.500000
   158	41.500000
   159	41.500000
   160	41.500000
   161	41.500000
   162	41.500000
   163	41.500000
   164	41.500000
   165	41.500000
   166	41.500000
   167	41.500000
   168	41.500000
   169	41.500000
   170	41.500000
   171	41.500000
   172	41.500000
   173	41.600000
   174	41.500000
   175	41.600000
   176	41.600000
   177	41.600000
   178	41.600000
   179	41.600000
   180	41.600000
   181	41.600000
   182	41.600000
   183	41.600000
   184	41.600000
   185	41.700000
   186	41.700000
   187	41.600000
   188	41.800000
   189	41.800000
   190	41.800000
   191	41.500000
   192	41.400000
   193	41.400000
   194	41.500000
   195	41.400000
   196	41.400000
   197	41.600000
   198	41.500000
   199	41.500000
   200	41.600000
   201	41.600000
   202	41.600000
   203	41.600000
   204	41.800000
   205	41.700000
   206	41.700000
   207	41.700000
   208	41.700000
   209	41.800000
   210	41.800000
   211	41.700000
   212	41.800000
   213	41.800000
   214	41.800000
   215	41.800000
   216	41.900000
   217	41.900000
   218	41.900000
   219	41.900000
   220	41.900000
   221	41.900000
   222	41.900000
   223	41.600000
   224	41.500000
   225	41.500000
   226	41.600000
   227	41.600000
   228	41.600000
   229	41.800000
   230	41.700000
   231	41.800000
   232	41.800000
   233	41.900000
   234	41.800000
   235	41.900000
   236	41.900000
   237	41.900000
   238	41.900000
   239	41.900000
   240	41.900000
   241	41.900000
   242	41.900000
   243	41.900000
   244	41.900000
   245	41.900000
   246	41.900000
   247	41.900000
   248	41.900000
   249	41.900000
   250	41.900000
   251	41.900000
   252	41.900000
   253	41.900000
   254	41.900000
   255	41.900000
   256	41.900000
   257	41.900000
   258	41.900000
   259	41.900000
   260	41.900000
   261	41.900000
   262	41.900000
   263	41.900000
   264	41.900000
   265	41.900000
   266	42.000000
   267	42.000000
   268	42.000000
   269	42.000000
   270	42.000000
   271	42.000000
   272	42.000000
   273	42.000000
   274	42.000000
   275	42.000000
   276	42.000000
   277	42.000000
   278	42.000000
   279	42.000000
   280	42.000000
   281	42.000000
   282	42.000000
   283	42.000000
   284	42.000000
   285	42.000000
   286	42.000000
   287	42.000000
   288	42.000000
   289	42.000000
   290	42.000000
   291	42.000000
   292	42.000000
   293	42.000000
   294	42.000000
   295	42.000000
   296	42.000000
   297	42.000000
   298	42.000000
   299	42.000000
   300	42.000000
   301	42.000000
   302	42.000000
   303	42.000000
   304	42.000000
   305	42.000000
   306	42.000000
   307	42.000000
   308	42.000000
   309	42.000000
   310	42.000000
   311	42.000000
   312	42.100000
   313	42.100000
   314	42.100000
   315	42.000000
   316	42.100000
   317	42.100000
   318	42.100000
   319	42.100000
   320	42.100000
   321	42.100000
   322	42.100000
   323	42.100000
   324	42.100000
   325	42.100000
   326	42.100000
   327	42.100000
   328	42.100000
   329	42.100000
   330	42.100000
   331	42.100000
   332	42.100000
   333	42.000000
   334	42.000000
   335	42.000000
   336	42.100000
   337	42.100000
   338	42.100000
   339	42.100000
   340	42.100000
   341	42.100000
   342	42.100000
   343	42.100000
   344	42.100000
   345	42.100000
   346	42.100000
   347	42.100000
   348	42.100000
   349	42.100000
   350	42.100000
   351	42.100000
   352	42.100000
   353	42.100000
   354	42.100000
   355	42.100000
   356	42.100000
   357	42.100000
   358	42.100000
   359	42.100000
   360	42.100000
   361	42.100000
   362	42.100000
   363	42.100000
   364	42.100000
   365	42.100000
   366	42.100000
   367	42.100000
   368	42.100000
   369	42.100000
   370	42.100000
   371	42.100000
   372	42.100000
   373	42.100000
   374	42.100000
   375	42.100000
   376	42.100000
   377	42.100000
   378	42.100000
   379	42.100000
   380	42.100000
   381	42.100000
   382	42.100000
   383	42.100000
   384	42.100000
   385	42.100000
   386	42.200000
   387	42.100000
   388	42.200000
   389	42.200000
   390	42.200000
   391	42.200000
   392	42.200000
   393	42.300000
   394	42.300000
   395	42.300000
   396	42.300000
   397	42.300000
   398	42.300000
   399	42.300000
   400	42.300000
   401	42.300000
   402	42.300000
   403	42.300000
   404	42.400000
   405	42.400000
   406	42.400000
   407	42.300000
   408	42.400000
   409	42.400000
   410	42.500000
   411	42.200000
   412	42.200000
   413	42.200000
   414	42.200000
   415	42.200000
   416	42.200000
   417	42.200000
   418	42.200000
   419	42.200000
   420	42.200000
   421	42.200000
   422	42.200000
   423	42.200000
   424	42.200000
   425	42.300000
   426	42.200000
   427	42.200000
   428	42.200000
   429	42.200000
   430	42.300000
   431	42.300000
   432	42.300000
   433	42.300000
   434	42.300000
   435	42.300000
   436	42.300000
   437	42.300000
   438	42.300000
   439	42.300000
   440	42.400000
   441	42.300000
   442	42.300000
   443	42.400000
   444	42.400000
   445	42.300000
   446	42.300000
   447	42.200000
   448	42.200000
   449	42.200000
   450	42.200000
   451	42.200000
   452	42.200000
   453	42.200000
   454	42.200000
   455	42.200000
   456	42.200000
   457	42.200000
   458	42.200000
   459	42.200000
   460	42.200000
   461	42.200000
   462	42.200000
   463	42.200000
   464	42.200000
   465	42.200000
   466	42.200000
   467	42.200000
   468	42.300000
   469	42.300000
   470	42.300000
   471	42.300000
   472	42.300000
   473	42.300000
   474	42.300000
   475	42.300000
   476	42.300000
   477	42.300000
   478	42.300000
   479	42.300000
   480	42.300000
   481	42.300000
   482	42.200000
   483	42.200000
   484	42.200000
   485	42.200000
   486	42.200000
   487	42.200000
   488	42.200000
   489	42.200000
   490	42.300000
   491	42.300000
   492	42.400000
   493	42.400000
   494	42.400000
   495	42.400000
   496	42.400000
   497	42.400000
   498	42.400000
   499	42.400000
   500	42.400000
   501	42.400000
   502	42.400000
   503	42.400000
   504	42.400000
   505	42.400000
   506	42.400000
   507	42.400000
   508	42.400000
   509	42.400000
   510	42.400000
   511	42.400000
   512	42.400000
   513	42.400000
   514	42.400000
   515	42.500000
   516	42.500000
   517	42.500000
   518	42.500000
   519	42.500000
   520	42.400000
   521	42.400000
   522	42.400000
   523	42.400000
   524	42.400000
   525	42.400000
   526	42.400000
   527	42.400000
   528	42.400000
   529	42.400000
   530	42.400000
   531	42.400000
   532	42.400000
   533	42.400000
   534	42.400000
   535	42.400000
   536	42.400000
   537	42.400000
   538	42.400000
   539	42.400000
   540	42.400000
   541	42.400000
   542	42.400000
   543	42.400000
   544	42.400000
   545	42.400000
   546	42.400000
   547	42.400000
   548	42.400000
   549	42.400000
   550	42.400000
   551	42.400000
   552	42.400000
   553	42.400000
   554	42.500000
   555	42.500000
   556	42.400000
   557	42.400000
   558	42.400000
   559	42.400000
   560	42.400000
   561	42.400000
   562	42.400000
   563	42.400000
   564	42.400000
   565	42.400000
   566	42.400000
   567	42.400000
   568	42.400000
   569	42.500000
   570	42.500000
   571	42.500000
   572	42.500000
   573	42.500000
   574	42.500000
   575	42.500000
   576	42.500000
   577	42.500000
   578	42.500000
   579	42.500000
   580	42.500000
   581	42.600000
   582	42.600000
   583	42.600000
   584	42.600000
   585	42.600000
   586	42.600000
   587	42.600000
   588	42.600000
   589	42.600000
   590	42.600000
   591	42.600000
   592	42.600000
   593	42.600000
   594	42.600000
   595	42.600000
   596	42.600000
   597	42.600000
   598	42.600000
   599	42.600000
   600	42.600000
   601	42.600000
   602	42.600000
   603	42.600000
   604	42.600000
   605	42.600000
   606	42.600000
   607	42.600000
   608	42.600000
   609	42.600000
   610	42.600000
   611	42.600000
   612	42.600000
   613	42.600000
   614	42.600000
   615	42.600000
   616	42.600000
   617	42.600000
   618	42.600000
   619	42.600000
   620	42.600000
   621	42.600000
   622	42.600000
   623	42.600000
   624	42.600000
   625	42.600000
   626	42.600000
   627	42.500000
   628	42.600000
   629	42.600000
   630	42.500000
   631	42.500000
   632	42.500000
   633	42.500000
   634	42.500000
   635	42.500000
   636	42.500000
   637	42.500000
   638	42.500000
   639	42.500000
   640	42.500000
   641	42.600000
   642	42.600000
   643	42.600000
   644	42.600000
   645	42.600000
   646	42.600000
   647	42.600000
   648	42.600000
   649	42.600000
   650	42.600000
   651	42.600000
   652	42.600000
   653	42.600000
   654	42.600000
   655	42.600000
   656	42.600000
   657	42.600000
   658	42.600000
   659	42.600000
   660	42.600000
   661	42.600000
   662	42.600000
   663	42.600000
   664	42.600000
   665	42.600000
   666	42.600000
   667	42.600000
   668	42.600000
   669	42.600000
   670	42.600000
   671	42.600000
   672	42.600000
   673	42.600000
   674	42.600000
   675	42.700000
   676	42.700000
   677	42.700000
   678	42.700000
   679	42.700000
   680	42.700000
   681	42.700000
   682	42.700000
   683	42.700000
   684	42.700000
   685	42.700000
   686	42.700000
   687	42.700000
   688	42.700000
   689	42.700000
   690	42.700000
   691	42.700000
   692	42.700000
   693	42.700000
   694	42.700000
   695	42.700000
   696	42.700000
   697	42.700000
   698	42.700000
   699	42.700000
   700	42.700000
   701	42.700000
   702	42.700000
   703	42.700000
   704	42.700000
   705	42.700000
   706	42.700000
   707	42.700000
   708	42.700000
   709	42.700000
   710	42.700000
   711	42.700000
   712	42.700000
   713	42.700000
   714	42.700000
   715	42.700000
   716	42.700000
   717	42.700000
   718	42.700000
   719	42.700000
   720	42.700000
   721	42.700000
   722	42.700000
   723	42.700000
   724	42.700000
   725	42.700000
   726	42.700000
   727	42.700000
   728	42.700000
   729	42.700000
   730	42.700000
   731	42.700000
   732	42.700000
   733	42.700000
   734	42.700000
   735	42.700000
   736	42.700000
   737	42.700000
   738	42.700000
   739	42.700000
   740	42.700000
   741	42.700000
   742	42.700000
   743	42.700000
   744	42.700000
   745	42.700000
   746	42.700000
   747	42.700000
   748	42.700000
   749	42.700000
   750	42.700000
   751	42.700000
   752	42.700000
   753	42.700000
   754	42.700000
   755	42.700000
   756	42.700000
   757	42.700000
   758	42.700000
   759	42.700000
   760	42.700000
   761	42.700000
   762	42.700000
   763	42.700000
   764	42.700000
   765	42.700000
   766	42.700000
   767	42.700000
   768	42.700000
   769	42.700000
   770	42.700000
   771	42.700000
   772	42.700000
   773	42.700000
   774	42.700000
   775	42.700000
   776	42.700000
   777	42.700000
   778	42.700000
   779	42.700000
   780	42.700000
   781	42.700000
   782	42.700000
   783	42.700000
   784	42.700000
   785	42.700000
   786	42.700000
   787	42.700000
   788	42.700000
   789	42.700000
   790	42.700000
   791	42.700000
   792	42.700000
   793	42.700000
   794	42.700000
   795	42.700000
   796	42.700000
   797	42.700000
   798	42.700000
   799	42.700000
   800	42.700000
   801	42.700000
   802	42.700000
   803	42.700000
   804	42.700000
   805	42.700000
   806	42.700000
   807	42.700000
   808	42.700000
   809	42.700000
   810	42.700000
   811	42.700000
   812	42.700000
   813	42.700000
   814	42.700000
   815	42.700000
   816	42.700000
   817	42.700000
   818	42.700000
   819	42.700000
   820	42.700000
   821	42.700000
   822	42.700000
   823	42.700000
   824	42.700000
   825	42.700000
   826	42.700000
   827	42.700000
   828	42.700000
   829	42.700000
   830	42.700000
   831	42.700000
   832	42.700000
   833	42.700000
   834	42.700000
   835	42.700000
   836	42.700000
   837	42.700000
   838	42.700000
   839	42.700000
   840	42.700000
   841	42.700000
   842	42.700000
   843	42.700000
   844	42.700000
   845	42.700000
   846	42.700000
   847	42.700000
   848	42.700000
   849	42.700000
   850	42.700000
   851	42.700000
   852	42.700000
   853	42.700000
   854	42.700000
   855	42.700000
   856	42.700000
   857	42.700000
   858	42.700000
   859	42.700000
   860	42.700000
   861	42.700000
   862	42.700000
   863	42.800000
   864	42.800000
   865	42.800000
   866	42.800000
   867	42.800000
   868	42.800000
   869	42.800000
   870	42.800000
   871	42.800000
   872	42.800000
   873	42.800000
   874	42.800000
   875	42.800000
   876	42.800000
   877	42.800000
   878	42.800000
   879	42.800000
   880	42.800000
   881	42.800000
   882	42.800000
   883	42.900000
   884	42.900000
   885	42.900000
   886	42.900000
   887	42.900000
   888	42.900000
   889	42.900000
   890	42.900000
   891	42.900000
   892	42.900000
   893	42.700000
   894	42.700000
   895	42.700000
   896	42.700000
   897	42.700000
   898	42.800000
   899	42.800000
   900	42.800000
   901	42.800000
   902	42.800000
   903	42.800000
   904	42.800000
   905	42.800000
   906	42.800000
   907	42.800000
   908	42.800000
   909	42.800000
   910	42.800000
   911	42.800000
   912	42.800000
   913	42.800000
   914	42.800000
   915	42.800000
   916	42.800000
   917	42.800000
   918	42.800000
   919	42.800000
   920	42.800000
   921	42.800000
   922	42.800000
   923	42.800000
   924	42.800000
   925	42.800000
   926	42.800000
   927	42.800000
   928	42.800000
   929	42.900000
   930	42.900000
   931	42.800000
   932	42.800000
   933	42.800000
   934	42.800000
   935	42.800000
   936	42.800000
   937	42.900000
   938	42.900000
   939	42.900000
   940	42.900000
   941	42.900000
   942	42.900000
   943	42.900000
   944	42.900000
   945	42.900000
   946	42.900000
   947	42.900000
   948	42.900000
   949	42.900000
   950	42.900000
   951	42.900000
   952	42.900000
   953	42.900000
   954	42.900000
   955	42.900000
   956	42.900000
   957	42.900000
   958	42.900000
   959	42.900000
   960	42.900000
   961	42.900000
   962	42.900000
   963	42.900000
   964	42.900000
   965	42.900000
   966	42.900000
   967	42.900000
   968	42.900000
   969	42.900000
   970	42.900000
   971	42.900000
   972	42.900000
   973	42.900000
   974	42.900000
   975	42.900000
   976	42.900000
   977	42.900000
   978	42.900000
   979	42.900000
   980	42.900000
   981	42.900000
   982	42.900000
   983	42.900000
   984	42.900000
   985	42.900000
   986	42.900000
   987	42.900000
   988	42.900000
   989	42.900000
   990	42.900000
   991	42.900000
   992	42.900000
   993	42.900000
   994	42.900000
   995	42.900000
   996	42.900000
   997	42.900000
   998	42.900000
   999	42.900000
  1000	42.900000
  1001	42.900000
  1002	42.900000
  1003	42.900000
  1004	42.900000
  1005	42.900000
  1006	42.900000
  1007	42.800000
  1008	42.800000
  1009	42.800000
  1010	42.800000
  1011	42.800000
  1012	42.800000
  1013	42.800000
  1014	42.800000
  1015	42.800000
  1016	42.800000
  1017	42.800000
  1018	42.800000
  1019	42.800000
  1020	42.800000
  1021	42.800000
  1022	42.800000
  1023	42.800000
  1024	42.800000
  1025	42.800000
  1026	42.800000
  1027	42.800000
  1028	42.800000
  1029	42.800000
  1030	42.900000
  1031	42.800000
  1032	42.900000
  1033	42.800000
  1034	42.900000
  1035	42.900000
  1036	42.900000
  1037	43.000000
  1038	43.000000
  1039	43.000000
  1040	43.000000
  1041	43.000000
  1042	43.000000
  1043	42.800000
  1044	42.800000
  1045	42.800000
  1046	42.800000
  1047	42.800000
  1048	42.800000
  1049	42.800000
  1050	42.800000
  1051	42.800000
  1052	42.800000
  1053	42.800000
  1054	42.800000
  1055	42.800000
  1056	42.800000
  1057	42.900000
  1058	42.900000
  1059	42.900000
  1060	42.900000
  1061	42.900000
  1062	42.900000
  1063	42.900000
  1064	42.900000
  1065	42.900000
  1066	43.000000
  1067	43.000000
  1068	43.000000
  1069	43.000000
  1070	43.000000
  1071	43.000000
  1072	43.000000
  1073	43.000000
  1074	43.000000
  1075	43.000000
  1076	43.000000
  1077	43.000000
  1078	43.000000
  1079	43.000000
  1080	43.000000
  1081	42.800000
  1082	42.800000
  1083	42.800000
  1084	42.900000
  1085	42.800000
  1086	42.900000
  1087	42.900000
  1088	42.900000
  1089	42.900000
  1090	42.900000
  1091	42.900000
  1092	42.900000
  1093	42.900000
  1094	43.000000
  1095	43.000000
  1096	43.000000
  1097	43.000000
  1098	43.000000
  1099	43.000000
  1100	43.000000
  1101	43.000000
  1102	43.000000
  1103	43.000000
  1104	43.000000
  1105	43.000000
  1106	43.000000
  1107	43.000000
  1108	43.000000
  1109	43.000000
  1110	43.000000
  1111	43.000000
  1112	43.000000
  1113	43.000000
  1114	43.000000
  1115	42.900000
  1116	43.000000
  1117	43.000000
  1118	42.900000
  1119	43.000000
  1120	43.000000
  1121	43.000000
  1122	43.000000
  1123	43.000000
  1124	43.000000
  1125	43.000000
  1126	43.000000
  1127	43.000000
  1128	43.000000
  1129	43.000000
  1130	43.000000
  1131	43.000000
  1132	43.000000
  1133	43.000000
  1134	43.000000
  1135	43.000000
  1136	43.000000
  1137	43.000000
  1138	43.000000
  1139	43.000000
  1140	43.000000
  1141	43.000000
  1142	43.000000
  1143	43.000000
  1144	43.000000
  1145	43.000000
  1146	43.000000
  1147	43.000000
  1148	43.000000
  1149	43.000000
  1150	43.000000
  1151	43.000000
  1152	43.000000
  1153	43.000000
  1154	43.000000
  1155	43.000000
  1156	43.000000
  1157	43.000000
  1158	43.000000
  1159	43.000000
  1160	43.000000
  1161	43.000000
  1162	43.000000
  1163	43.000000
  1164	43.000000
  1165	43.000000
  1166	43.000000
  1167	43.000000
  1168	43.000000
  1169	43.000000
  1170	43.000000
  1171	43.000000
  1172	43.000000
  1173	43.000000
  1174	43.000000
  1175	43.000000
  1176	43.000000
  1177	43.000000
  1178	43.000000
  1179	43.000000
  1180	43.000000
  1181	43.000000
  1182	43.000000
  1183	43.000000
  1184	43.000000
  1185	43.000000
  1186	43.000000
  1187	43.000000
  1188	43.000000
  1189	43.000000
  1190	43.000000
  1191	43.000000
  1192	43.000000
  1193	43.000000
  1194	43.000000
  1195	43.000000
  1196	43.000000
  1197	43.000000
  1198	43.000000
  1199	43.000000
  1200	43.000000
  1201	43.000000
  1202	43.000000
  1203	43.000000
  1204	43.000000
  1205	43.000000
  1206	43.000000
  1207	43.000000
  1208	43.000000
  1209	43.000000
  1210	43.000000
  1211	43.000000
  1212	43.000000
  1213	43.000000
  1214	43.000000
  1215	43.000000
  1216	43.000000
  1217	43.000000
  1218	43.000000
  1219	43.000000
  1220	43.000000
  1221	43.000000
  1222	43.000000
  1223	43.000000
  1224	43.000000
  1225	43.000000
  1226	43.000000
  1227	43.000000
  1228	43.000000
  1229	43.000000
  1230	43.000000
  1231	43.000000
  1232	43.000000
  1233	43.000000
  1234	43.000000
  1235	43.000000
  1236	43.000000
  1237	43.000000
  1238	43.000000
  1239	43.000000
  1240	43.000000
  1241	43.000000
  1242	43.000000
  1243	43.000000
  1244	43.000000
  1245	43.000000
  1246	43.000000
  1247	43.000000
  1248	43.000000
  1249	43.000000
  1250	43.000000
  1251	43.000000
  1252	43.000000
  1253	43.000000
  1254	43.000000
  1255	43.000000
  1256	43.000000
  1257	43.000000
  1258	43.000000
  1259	43.000000
  1260	43.000000
  1261	43.000000
  1262	43.000000
  1263	43.100000
  1264	43.100000
  1265	43.100000
  1266	43.000000
  1267	43.000000
  1268	43.000000
  1269	43.000000
  1270	43.000000
  1271	43.000000
  1272	43.000000
  1273	43.100000
  1274	43.100000
  1275	43.100000
  1276	43.100000
  1277	43.100000
  1278	43.100000
  1279	43.100000
  1280	43.100000
  1281	43.100000
  1282	43.100000
  1283	43.100000
  1284	43.100000
  1285	43.100000
  1286	43.100000
  1287	43.100000
  1288	43.100000
  1289	43.100000
  1290	43.100000
  1291	43.100000
  1292	43.100000
  1293	43.100000
  1294	43.100000
  1295	43.100000
  1296	43.100000
  1297	43.100000
  1298	43.100000
  1299	43.100000
  1300	43.100000
  1301	43.100000
  1302	43.200000
  1303	43.200000
  1304	43.200000
  1305	43.200000
  1306	43.100000
  1307	43.100000
  1308	43.100000
  1309	43.100000
  1310	43.100000
  1311	43.200000
  1312	43.100000
  1313	43.100000
  1314	43.200000
  1315	43.100000
  1316	43.200000
  1317	43.200000
  1318	43.100000
  1319	43.100000
  1320	43.200000
  1321	43.200000
  1322	43.200000
  1323	43.200000
  1324	43.200000
  1325	43.200000
  1326	43.200000
  1327	43.200000
  1328	43.200000
  1329	43.200000
  1330	43.200000
  1331	43.200000
  1332	43.200000
  1333	43.200000
  1334	43.200000
  1335	43.200000
  1336	43.200000
  1337	43.200000
  1338	43.200000
  1339	43.200000
  1340	43.200000
  1341	43.200000
  1342	43.200000
  1343	43.200000
  1344	43.100000
  1345	43.100000
  1346	43.100000
  1347	43.100000
  1348	43.100000
  1349	43.100000
  1350	43.100000
  1351	43.100000
  1352	43.100000
  1353	43.100000
  1354	43.100000
  1355	43.100000
  1356	43.100000
  1357	43.100000
  1358	43.100000
  1359	43.100000
  1360	43.100000
  1361	43.100000
  1362	43.100000
  1363	43.100000
  1364	43.100000
  1365	43.100000
  1366	43.100000
  1367	43.100000
  1368	43.100000
  1369	43.100000
  1370	43.100000
  1371	43.100000
  1372	43.100000
  1373	43.100000
  1374	43.100000
  1375	43.100000
  1376	43.100000
  1377	43.100000
  1378	43.200000
  1379	43.200000
  1380	43.200000
  1381	43.100000
  1382	43.100000
  1383	43.100000
  1384	43.100000
  1385	43.200000
  1386	43.100000
  1387	43.200000
  1388	43.200000
  1389	43.200000
  1390	43.200000
  1391	43.200000
  1392	43.200000
  1393	43.200000
  1394	43.200000
  1395	43.200000
  1396	43.200000
  1397	43.200000
  1398	43.200000
  1399	43.200000
  1400	43.200000
  1401	43.200000
  1402	43.200000
  1403	43.200000
  1404	43.200000
  1405	43.200000
  1406	43.200000
  1407	43.200000
  1408	43.200000
  1409	43.200000
  1410	43.200000
  1411	43.200000
  1412	43.200000
  1413	43.200000
  1414	43.200000
  1415	43.200000
  1416	43.200000
  1417	43.200000
  1418	43.200000
  1419	43.200000
  1420	43.200000
  1421	43.100000
  1422	43.100000
  1423	43.100000
  1424	43.100000
  1425	43.100000
  1426	43.100000
  1427	43.200000
  1428	43.200000
  1429	43.200000
  1430	43.200000
  1431	43.200000
  1432	43.200000
  1433	43.200000
  1434	43.200000
  1435	43.200000
  1436	43.200000
  1437	43.200000
  1438	43.200000
  1439	43.200000
  1440	43.200000
  1441	43.200000
  1442	43.200000
  1443	43.200000
  1444	43.200000
  1445	43.200000
  1446	43.200000
  1447	43.200000
  1448	43.200000
  1449	43.200000
  1450	43.200000
  1451	43.200000
  1452	43.200000
  1453	43.200000
  1454	43.200000
  1455	43.200000
  1456	43.200000
  1457	43.200000
  1458	43.200000
  1459	43.200000
  1460	43.200000
  1461	43.200000
  1462	43.200000
  1463	43.200000
  1464	43.200000
  1465	43.200000
  1466	43.200000
  1467	43.200000
  1468	43.200000
  1469	43.200000
  1470	43.200000
  1471	43.200000
  1472	43.200000
  1473	43.200000
  1474	43.200000
  1475	43.200000
  1476	43.200000
  1477	43.200000
  1478	43.200000
  1479	43.200000
  1480	43.200000
  1481	43.200000
  1482	43.200000
  1483	43.200000
  1484	43.200000
  1485	43.200000
  1486	43.200000
  1487	43.200000
  1488	43.200000
  1489	43.200000
  1490	43.200000
  1491	43.200000
  1492	43.200000
  1493	43.200000
  1494	43.200000
  1495	43.200000
  1496	43.200000
  1497	43.200000
  1498	43.200000
  1499	43.200000
  1500	43.200000
  1501	43.200000
  1502	43.200000
  1503	43.200000
  1504	43.200000
  1505	43.200000
  1506	43.200000
  1507	43.200000
  1508	43.200000
  1509	43.200000
  1510	43.200000
  1511	43.200000
  1512	43.200000
  1513	43.200000
  1514	43.200000
  1515	43.200000
  1516	43.200000
  1517	43.200000
  1518	43.200000
  1519	43.200000
  1520	43.200000
  1521	43.200000
  1522	43.200000
  1523	43.200000
  1524	43.200000
  1525	43.200000
  1526	43.200000
  1527	43.200000
  1528	43.200000
  1529	43.200000
  1530	43.200000
  1531	43.200000
  1532	43.200000
  1533	43.200000
  1534	43.200000
  1535	43.200000
  1536	43.200000
  1537	43.200000
  1538	43.200000
  1539	43.200000
  1540	43.200000
  1541	43.200000
  1542	43.200000
  1543	43.200000
  1544	43.200000
  1545	43.200000
  1546	43.200000
  1547	43.200000
  1548	43.200000
  1549	43.200000
  1550	43.200000
  1551	43.200000
  1552	43.200000
  1553	43.200000
  1554	43.200000
  1555	43.200000
  1556	43.200000
  1557	43.200000
  1558	43.200000
  1559	43.200000
  1560	43.300000
  1561	43.300000
  1562	43.300000
  1563	43.300000
  1564	43.300000
  1565	43.300000
  1566	43.300000
  1567	43.300000
  1568	43.300000
  1569	43.300000
  1570	43.300000
  1571	43.300000
  1572	43.300000
  1573	43.300000
  1574	43.300000
  1575	43.300000
  1576	43.100000
  1577	43.200000
  1578	43.200000
  1579	43.200000
  1580	43.200000
  1581	43.200000
  1582	43.200000
  1583	43.200000
  1584	43.200000
  1585	43.200000
  1586	43.200000
  1587	43.200000
  1588	43.200000
  1589	43.200000
  1590	43.200000
  1591	43.200000
  1592	43.200000
  1593	43.200000
  1594	43.200000
  1595	43.200000
  1596	43.200000
  1597	43.200000
  1598	43.200000
  1599	43.200000
  1600	43.200000
  1601	43.200000
  1602	43.200000
  1603	43.300000
  1604	43.300000
  1605	43.300000
  1606	43.300000
  1607	43.300000
  1608	43.300000
  1609	43.300000
  1610	43.300000
  1611	43.300000
  1612	43.300000
  1613	43.300000
  1614	43.300000
  1615	43.200000
  1616	43.200000
  1617	43.200000
  1618	43.200000
  1619	43.200000
  1620	43.200000
  1621	43.200000
  1622	43.200000
  1623	43.200000
  1624	43.300000
  1625	43.300000
  1626	43.300000
  1627	43.300000
  1628	43.300000
  1629	43.300000
  1630	43.300000
  1631	43.300000
  1632	43.300000
  1633	43.300000
  1634	43.300000
  1635	43.300000
  1636	43.300000
  1637	43.300000
  1638	43.300000
  1639	43.300000
  1640	43.300000
  1641	43.300000
  1642	43.300000
  1643	43.300000
  1644	43.300000
  1645	43.300000
  1646	43.300000
  1647	43.300000
  1648	43.300000
  1649	43.300000
  1650	43.300000
  1651	43.300000
  1652	43.200000
  1653	43.200000
  1654	43.200000
  1655	43.200000
  1656	43.200000
  1657	43.200000
  1658	43.200000
  1659	43.200000
  1660	43.300000
  1661	43.200000
  1662	43.200000
  1663	43.300000
  1664	43.200000
  1665	43.200000
  1666	43.300000
  1667	43.200000
  1668	43.300000
  1669	43.300000
  1670	43.300000
  1671	43.300000
  1672	43.300000
  1673	43.300000
  1674	43.300000
  1675	43.300000
  1676	43.300000
  1677	43.300000
  1678	43.300000
  1679	43.300000
  1680	43.300000
  1681	43.300000
  1682	43.300000
  1683	43.300000
  1684	43.300000
  1685	43.300000
  1686	43.300000
  1687	43.300000
  1688	43.300000
  1689	43.200000
  1690	43.100000
  1691	43.100000
  1692	43.100000
  1693	43.100000
  1694	43.100000
  1695	43.100000
  1696	43.100000
  1697	43.100000
  1698	43.100000
  1699	43.100000
  1700	43.100000
  1701	43.100000
  1702	43.200000
  1703	43.100000
  1704	43.100000
  1705	43.200000
  1706	43.100000
  1707	43.100000
  1708	43.100000
  1709	43.200000
  1710	43.100000
  1711	43.200000
  1712	43.200000
  1713	43.200000
  1714	43.200000
  1715	43.200000
  1716	43.200000
  1717	43.200000
  1718	43.200000
  1719	43.200000
  1720	43.200000
  1721	43.200000
  1722	43.200000
  1723	43.200000
  1724	43.200000
  1725	43.200000
  1726	43.100000
  1727	43.100000
  1728	43.200000
  1729	43.200000
  1730	43.200000
  1731	43.200000
  1732	43.200000
  1733	43.200000
  1734	43.200000
  1735	43.200000
  1736	43.200000
  1737	43.200000
  1738	43.200000
  1739	43.200000
  1740	43.200000
  1741	43.200000
  1742	43.200000
  1743	43.200000
  1744	43.200000
  1745	43.200000
  1746	43.200000
  1747	43.200000
  1748	43.200000
  1749	43.200000
  1750	43.200000
  1751	43.200000
  1752	43.200000
  1753	43.200000
  1754	43.200000
  1755	43.200000
  1756	43.200000
  1757	43.200000
  1758	43.200000
  1759	43.200000
  1760	43.200000
  1761	43.200000
  1762	43.200000
  1763	43.200000
  1764	43.200000
  1765	43.200000
  1766	43.100000
  1767	43.100000
  1768	43.100000
  1769	43.100000
  1770	43.100000
  1771	43.100000
  1772	43.100000
  1773	43.200000
  1774	43.200000
  1775	43.200000
  1776	43.200000
  1777	43.200000
  1778	43.200000
  1779	43.200000
  1780	43.200000
  1781	43.200000
  1782	43.200000
  1783	43.200000
  1784	43.200000
  1785	43.200000
  1786	43.200000
  1787	43.200000
  1788	43.200000
  1789	43.200000
  1790	43.200000
  1791	43.200000
  1792	43.200000
  1793	43.200000
  1794	43.200000
  1795	43.200000
  1796	43.200000
  1797	43.200000
  1798	43.200000
  1799	43.200000
  1800	43.200000
  1801	43.200000
  1802	43.200000
  1803	43.200000
  1804	43.200000
  1805	43.200000
  1806	43.200000
  1807	43.200000
  1808	43.100000
  1809	43.100000
  1810	43.100000
  1811	43.100000
  1812	43.100000
  1813	43.100000
  1814	43.100000
  1815	43.100000
  1816	43.200000
  1817	43.100000
  1818	43.200000
  1819	43.200000
  1820	43.200000
  1821	43.100000
  1822	43.100000
  1823	43.200000
  1824	43.200000
  1825	43.200000
  1826	43.200000
  1827	43.200000
  1828	43.200000
  1829	43.200000
  1830	43.200000
  1831	43.200000
  1832	43.200000
  1833	43.200000
  1834	43.200000
  1835	43.200000
  1836	43.200000
  1837	43.200000
  1838	43.200000
  1839	43.200000
  1840	43.200000
  1841	43.200000
  1842	43.200000
  1843	43.200000
  1844	43.200000
  1845	43.200000
  1846	43.200000
  1847	43.200000
  1848	43.200000
  1849	43.100000
  1850	43.100000
  1851	43.100000
  1852	43.100000
  1853	43.100000
  1854	43.100000
  1855	43.200000
  1856	43.100000
  1857	43.100000
  1858	43.100000
  1859	43.100000
  1860	43.100000
  1861	43.100000
  1862	43.100000
  1863	43.100000
  1864	43.100000
  1865	43.200000
  1866	43.100000
  1867	43.200000
  1868	43.200000
  1869	43.200000
  1870	43.200000
  1871	43.200000
  1872	43.200000
  1873	43.200000
  1874	43.200000
  1875	43.200000
  1876	43.200000
  1877	43.200000
  1878	43.200000
  1879	43.200000
  1880	43.200000
  1881	43.200000
  1882	43.200000
  1883	43.200000
  1884	43.200000
  1885	43.200000
  1886	43.200000
  1887	43.200000
  1888	43.200000
  1889	43.200000
  1890	43.200000
  1891	43.100000
  1892	43.100000
  1893	43.100000
  1894	43.100000
  1895	43.100000
  1896	43.100000
  1897	43.100000
  1898	43.100000
  1899	43.100000
  1900	43.200000
  1901	43.100000
  1902	43.200000
  1903	43.100000
  1904	43.200000
  1905	43.100000
  1906	43.200000
  1907	43.200000
  1908	43.200000
  1909	43.200000
  1910	43.200000
  1911	43.100000
  1912	43.200000
  1913	43.200000
  1914	43.200000
  1915	43.200000
  1916	43.200000
  1917	43.200000
  1918	43.200000
  1919	43.200000
  1920	43.200000
  1921	43.200000
  1922	43.200000
  1923	43.200000
  1924	43.200000
  1925	43.200000
  1926	43.200000
  1927	43.200000
  1928	43.100000
  1929	43.100000
  1930	43.100000
  1931	43.100000
  1932	43.100000
  1933	43.100000
  1934	43.100000
  1935	43.100000
  1936	43.100000
  1937	43.100000
  1938	43.100000
  1939	43.100000
  1940	43.100000
  1941	43.100000
  1942	43.200000
  1943	43.200000
  1944	43.200000
  1945	43.200000
  1946	43.200000
  1947	43.200000
  1948	43.200000
  1949	43.200000
  1950	43.200000
  1951	43.200000
  1952	43.200000
  1953	43.200000
  1954	43.200000
  1955	43.200000
  1956	43.200000
  1957	43.200000
  1958	43.200000
  1959	43.200000
  1960	43.200000
  1961	43.200000
  1962	43.200000
  1963	43.200000
  1964	43.100000
  1965	43.100000
  1966	43.100000
  1967	43.100000
  1968	43.100000
  1969	43.100000
  1970	43.100000
  1971	43.100000
  1972	43.100000
  1973	43.100000
  1974	43.100000
  1975	43.100000
  1976	43.100000
  1977	43.200000
  1978	43.200000
  1979	43.200000
  1980	43.200000
  1981	43.200000
  1982	43.200000
  1983	43.200000
  1984	43.200000
  1985	43.200000
  1986	43.200000
  1987	43.200000
  1988	43.200000
  1989	43.200000
  1990	43.200000
  1991	43.200000
  1992	43.200000
  1993	43.200000
  1994	43.200000
  1995	43.200000
  1996	43.200000
  1997	43.200000
  1998	43.100000
  1999	43.100000
  2000	43.100000
  2001	43.200000
  2002	43.100000
  2003	43.100000
  2004	43.200000
  2005	43.200000
  2006	43.200000
  2007	43.200000
  2008	43.200000
  2009	43.200000
  2010	43.200000
  2011	43.200000
  2012	43.200000
  2013	43.200000
  2014	43.200000
  2015	43.200000
  2016	43.200000
  2017	43.200000
  2018	43.200000
  2019	43.200000
  2020	43.200000
  2021	43.200000
  2022	43.200000
  2023	43.200000
  2024	43.200000
  2025	43.200000
  2026	43.200000
  2027	43.200000
  2028	43.200000
  2029	43.200000
  2030	43.200000
  2031	43.000000
  2032	43.200000
  2033	43.200000
  2034	43.000000
  2035	43.200000
  2036	43.200000
  2037	43.100000
  2038	43.100000
  2039	43.200000
  2040	43.200000
  2041	43.200000
  2042	43.200000
  2043	43.200000
  2044	43.200000
  2045	43.200000
  2046	43.200000
  2047	43.200000
  2048	43.200000
  2049	43.200000
  2050	43.200000
  2051	43.200000
  2052	43.200000
  2053	43.200000
  2054	43.200000
  2055	43.200000
  2056	43.200000
  2057	43.200000
  2058	43.200000
  2059	43.200000
  2060	43.200000
  2061	43.200000
  2062	43.200000
  2063	43.200000
  2064	43.200000
  2065	43.200000
  2066	43.000000
  2067	43.000000
  2068	43.000000
  2069	43.000000
  2070	43.000000
  2071	43.000000
  2072	43.000000
  2073	43.100000
  2074	43.200000
  2075	43.200000
  2076	43.100000
  2077	43.200000
  2078	43.100000
  2079	43.100000
  2080	43.100000
  2081	43.100000
  2082	43.100000
  2083	43.100000
  2084	43.100000
  2085	43.100000
  2086	43.100000
  2087	43.100000
  2088	43.100000
  2089	43.100000
  2090	43.100000
  2091	43.100000
  2092	43.100000
  2093	43.100000
  2094	43.100000
  2095	43.100000
  2096	43.100000
  2097	43.100000
  2098	43.100000
  2099	43.100000
  2100	43.100000
  2101	43.100000
  2102	43.100000
  2103	43.100000
  2104	43.100000
  2105	43.000000
  2106	43.000000
  2107	43.100000
  2108	43.100000
  2109	43.000000
  2110	43.100000
  2111	43.100000
  2112	43.100000
  2113	43.100000
  2114	43.100000
  2115	43.100000
  2116	43.100000
  2117	43.100000
  2118	43.100000
  2119	43.100000
  2120	43.100000
  2121	43.100000
  2122	43.100000
  2123	43.100000
  2124	43.100000
  2125	43.100000
  2126	43.100000
  2127	43.100000
  2128	43.100000
  2129	43.100000
  2130	43.100000
  2131	43.100000
  2132	43.100000
  2133	43.100000
  2134	43.100000
  2135	43.100000
  2136	43.100000
  2137	43.100000
  2138	43.100000
  2139	43.100000
  2140	43.100000
  2141	43.100000
  2142	43.000000
  2143	43.100000
  2144	43.000000
  2145	43.000000
  2146	43.000000
  2147	43.100000
  2148	43.100000
  2149	43.100000
  2150	43.100000
  2151	43.100000
  2152	43.100000
  2153	43.100000
  2154	43.100000
  2155	43.100000
  2156	43.100000
  2157	43.100000
  2158	43.100000
  2159	43.100000
  2160	43.100000
  2161	43.100000
  2162	43.100000
  2163	43.100000
  2164	43.100000
  2165	43.100000
  2166	43.100000
  2167	43.100000
  2168	43.100000
  2169	43.100000
  2170	43.100000
  2171	43.100000
  2172	43.100000
  2173	43.100000
  2174	43.100000
  2175	43.100000
  2176	43.100000
  2177	43.100000
  2178	43.100000
  2179	43.000000
  2180	43.000000
  2181	43.000000
  2182	43.000000
  2183	43.000000
  2184	43.000000
  2185	43.100000
  2186	43.100000
  2187	43.100000
  2188	43.100000
  2189	43.100000
  2190	43.000000
  2191	43.100000
  2192	43.100000
  2193	43.100000
  2194	43.100000
  2195	43.100000
  2196	43.100000
  2197	43.100000
  2198	43.100000
  2199	43.100000
  2200	43.100000
  2201	43.100000
  2202	43.100000
  2203	43.100000
  2204	43.100000
  2205	43.100000
  2206	43.100000
  2207	43.100000
  2208	43.100000
  2209	43.100000
  2210	43.100000
  2211	43.100000
  2212	43.100000
  2213	43.100000
  2214	43.000000
  2215	43.000000
  2216	43.000000
  2217	43.000000
  2218	43.100000
  2219	43.000000
  2220	43.100000
  2221	43.100000
  2222	43.100000
  2223	43.100000
  2224	43.100000
  2225	43.100000
  2226	43.100000
  2227	43.100000
  2228	43.100000
  2229	43.100000
  2230	43.100000
  2231	43.100000
  2232	43.100000
  2233	43.100000
  2234	43.100000
  2235	43.100000
  2236	43.100000
  2237	43.100000
  2238	43.100000
  2239	43.100000
  2240	43.100000
  2241	43.100000
  2242	43.100000
  2243	43.100000
  2244	43.100000
  2245	43.100000
  2246	43.100000
  2247	43.100000
  2248	43.100000
  2249	43.100000
  2250	43.100000
  2251	43.000000
  2252	43.100000
  2253	43.100000
  2254	43.100000
  2255	43.100000
  2256	43.100000
  2257	43.100000
  2258	43.100000
  2259	43.100000
  2260	43.100000
  2261	43.100000
  2262	43.100000
  2263	43.100000
  2264	43.100000
  2265	43.100000
  2266	43.100000
  2267	43.100000
  2268	43.100000
  2269	43.100000
  2270	43.100000
  2271	43.100000
  2272	43.100000
  2273	43.100000
  2274	43.100000
  2275	43.100000
  2276	43.100000
  2277	43.100000
  2278	43.100000
  2279	43.100000
  2280	43.100000
  2281	43.100000
  2282	43.100000
  2283	43.100000
  2284	43.100000
  2285	43.100000
  2286	43.100000
  2287	43.100000
  2288	43.100000
  2289	43.100000
  2290	43.100000
  2291	43.100000
  2292	43.100000
  2293	43.100000
  2294	43.100000
  2295	43.100000
  2296	43.100000
  2297	43.100000
  2298	43.100000
  2299	43.100000
  2300	43.100000
  2301	43.100000
  2302	43.100000
  2303	43.100000
  2304	43.100000
  2305	43.100000
  2306	43.100000
  2307	43.100000
  2308	43.100000
  2309	43.100000
  2310	43.100000
  2311	43.100000
  2312	43.100000
  2313	43.100000
  2314	43.100000
  2315	43.100000
  2316	43.100000
  2317	43.100000
  2318	43.100000
  2319	43.100000
  2320	43.100000
  2321	43.100000
  2322	43.100000
  2323	43.100000
  2324	43.100000
  2325	43.100000
  2326	43.100000
  2327	43.100000
  2328	43.100000
  2329	43.100000
  2330	43.100000
  2331	43.100000
  2332	43.100000
  2333	43.100000
  2334	43.100000
  2335	43.100000
  2336	43.100000
  2337	43.100000
  2338	43.100000
  2339	43.100000
  2340	43.100000
  2341	43.100000
  2342	43.100000
  2343	43.100000
  2344	43.100000
  2345	43.100000
  2346	43.100000
  2347	43.100000
  2348	43.100000
  2349	43.100000
  2350	43.100000
  2351	43.100000
  2352	43.100000
  2353	43.100000
  2354	43.100000
  2355	43.100000
  2356	43.100000
  2357	43.100000
  2358	43.100000
  2359	43.100000
  2360	43.100000
  2361	43.100000
  2362	43.100000
  2363	43.100000
  2364	43.100000
  2365	43.100000
  2366	43.100000
  2367	43.100000
  2368	43.100000
  2369	43.100000
  2370	43.100000
  2371	43.100000
  2372	43.100000
  2373	43.100000
  2374	43.100000
  2375	43.100000
  2376	43.100000
  2377	43.100000
  2378	43.100000
  2379	43.100000
  2380	43.000000
  2381	43.000000
  2382	43.000000
  2383	43.000000
  2384	43.000000
  2385	43.000000
  2386	43.000000
  2387	43.000000
  2388	43.100000
  2389	43.000000
  2390	43.000000
  2391	43.100000
  2392	43.100000
  2393	43.100000
  2394	43.100000
  2395	43.100000
  2396	43.100000
  2397	43.100000
  2398	43.100000
  2399	43.100000
  2400	43.000000
  2401	43.000000
  2402	43.000000
  2403	43.000000
  2404	43.000000
  2405	43.000000
  2406	43.000000
  2407	43.000000
  2408	43.000000
  2409	43.000000
  2410	43.000000
  2411	43.000000
  2412	43.000000
  2413	43.000000
  2414	43.000000
  2415	43.000000
  2416	43.000000
  2417	43.100000
  2418	43.100000
  2419	43.100000
  2420	43.100000
  2421	43.100000
  2422	43.100000
  2423	43.100000
  2424	43.100000
  2425	43.100000
  2426	43.100000
  2427	43.100000
  2428	43.100000
  2429	43.100000
  2430	43.100000
  2431	43.100000
  2432	43.100000
  2433	43.100000
  2434	43.100000
  2435	43.100000
  2436	43.100000
  2437	43.100000
  2438	43.100000
  2439	43.100000
  2440	43.100000
  2441	43.100000
  2442	43.100000
  2443	43.100000
  2444	43.100000
  2445	43.100000
  2446	43.100000
  2447	43.100000
  2448	43.100000
  2449	43.100000
  2450	43.100000
  2451	43.100000
  2452	43.100000
  2453	43.100000
  2454	43.100000
  2455	43.100000
  2456	43.100000
  2457	43.100000
  2458	43.100000
  2459	43.100000
  2460	43.100000
  2461	43.100000
  2462	43.100000
  2463	43.100000
  2464	43.100000
  2465	43.100000
  2466	43.100000
  2467	43.100000
  2468	43.100000
  2469	43.100000
  2470	43.200000
  2471	43.200000
  2472	43.200000
  2473	43.200000
  2474	43.100000
  2475	43.100000
  2476	43.100000
  2477	43.100000
  2478	43.100000
  2479	43.100000
  2480	43.100000
  2481	43.100000
  2482	43.100000
  2483	43.100000
  2484	43.100000
  2485	43.100000
  2486	43.100000
  2487	43.100000
  2488	43.100000
  2489	43.100000
  2490	43.100000
  2491	43.100000
  2492	43.100000
  2493	43.100000
  2494	43.100000
  2495	43.100000
  2496	43.200000
  2497	43.100000
  2498	43.200000
  2499	43.200000
  2500	43.200000
  2501	43.200000
  2502	43.200000
  2503	43.200000
  2504	43.200000
  2505	43.200000
  2506	43.200000
  2507	43.200000
  2508	43.200000
  2509	43.200000
  2510	43.200000
  2511	43.200000
  2512	43.100000
  2513	43.100000
  2514	43.100000
  2515	43.100000
  2516	43.100000
  2517	43.100000
  2518	43.200000
  2519	43.200000
  2520	43.200000
  2521	43.200000
  2522	43.200000
  2523	43.200000
  2524	43.200000
  2525	43.200000
  2526	43.200000
  2527	43.200000
  2528	43.200000
  2529	43.200000
  2530	43.200000
  2531	43.200000
  2532	43.200000
  2533	43.200000
  2534	43.200000
  2535	43.200000
  2536	43.200000
  2537	43.200000
  2538	43.200000
  2539	43.200000
  2540	43.200000
  2541	43.200000
  2542	43.200000
  2543	43.200000
  2544	43.200000
  2545	43.200000
  2546	43.200000
  2547	43.200000
  2548	43.200000
  2549	43.200000
  2550	43.200000
  2551	43.200000
  2552	43.200000
  2553	43.200000
  2554	43.200000
  2555	43.200000
  2556	43.200000
  2557	43.200000
  2558	43.200000
  2559	43.200000
  2560	43.200000
  2561	43.200000
  2562	43.200000
  2563	43.200000
  2564	43.200000
  2565	43.200000
  2566	43.200000
  2567	43.200000
  2568	43.200000
  2569	43.200000
  2570	43.200000
  2571	43.200000
  2572	43.200000
  2573	43.200000
  2574	43.200000
  2575	43.200000
  2576	43.200000
  2577	43.200000
  2578	43.200000
  2579	43.200000
  2580	43.200000
  2581	43.200000
  2582	43.200000
  2583	43.200000
  2584	43.200000
  2585	43.200000
  2586	43.200000
  2587	43.200000
  2588	43.200000
  2589	43.200000
  2590	43.200000
  2591	43.200000
  2592	43.200000
  2593	43.200000
  2594	43.200000
  2595	43.200000
  2596	43.200000
  2597	43.200000
  2598	43.200000
  2599	43.200000
  2600	43.200000
  2601	43.200000
  2602	43.200000
  2603	43.200000
  2604	43.200000
  2605	43.200000
  2606	43.200000
  2607	43.200000
  2608	43.200000
  2609	43.200000
  2610	43.200000
  2611	43.200000
  2612	43.200000
  2613	43.200000
  2614	43.200000
  2615	43.200000
  2616	43.200000
  2617	43.200000
  2618	43.200000
  2619	43.200000
  2620	43.200000
  2621	43.200000
  2622	43.200000
  2623	43.200000
  2624	43.200000
  2625	43.200000
  2626	43.200000
  2627	43.200000
  2628	43.200000
  2629	43.200000
  2630	43.200000
  2631	43.200000
  2632	43.200000
  2633	43.200000
  2634	43.200000
  2635	43.200000
  2636	43.200000
  2637	43.200000
  2638	43.200000
  2639	43.200000
  2640	43.200000
  2641	43.200000
  2642	43.200000
  2643	43.200000
  2644	43.200000
  2645	43.200000
  2646	43.200000
  2647	43.200000
  2648	43.200000
  2649	43.200000
  2650	43.200000
  2651	43.200000
  2652	43.200000
  2653	43.200000
  2654	43.200000
  2655	43.200000
  2656	43.200000
  2657	43.200000
  2658	43.200000
  2659	43.200000
  2660	43.200000
  2661	43.200000
  2662	43.200000
  2663	43.200000
  2664	43.200000
  2665	43.200000
  2666	43.200000
  2667	43.100000
  2668	43.100000
  2669	43.100000
  2670	43.100000
  2671	43.100000
  2672	43.100000
  2673	43.100000
  2674	43.100000
  2675	43.100000
  2676	43.100000
  2677	43.100000
  2678	43.100000
  2679	43.100000
  2680	43.100000
  2681	43.100000
  2682	43.100000
  2683	43.100000
  2684	43.100000
  2685	43.100000
  2686	43.100000
  2687	43.100000
  2688	43.100000
  2689	43.100000
  2690	43.100000
  2691	43.100000
  2692	43.100000
  2693	43.100000
  2694	43.100000
  2695	43.100000
  2696	43.100000
  2697	43.100000
  2698	43.100000
  2699	43.100000
  2700	43.100000
  2701	43.100000
  2702	43.100000
  2703	43.100000
  2704	43.100000
  2705	43.100000
  2706	43.000000
  2707	43.000000
  2708	43.000000
  2709	43.000000
  2710	43.000000
  2711	43.000000
  2712	43.000000
  2713	43.000000
  2714	43.000000
  2715	43.000000
  2716	43.000000
  2717	43.000000
  2718	43.000000
  2719	43.000000
  2720	43.000000
  2721	43.000000
  2722	43.000000
  2723	43.000000
  2724	43.000000
  2725	43.000000
  2726	43.000000
  2727	43.000000
  2728	43.000000
  2729	43.000000
  2730	43.000000
  2731	43.000000
  2732	43.000000
  2733	43.000000
  2734	43.000000
  2735	43.000000
  2736	43.000000
  2737	43.000000
  2738	43.000000
  2739	43.000000
  2740	43.000000
  2741	43.000000
  2742	43.000000
  2743	43.000000
  2744	43.000000
  2745	43.000000
  2746	43.000000
  2747	43.000000
  2748	43.000000
  2749	43.000000
  2750	43.000000
  2751	43.000000
  2752	43.000000
  2753	43.000000
  2754	43.000000
  2755	43.000000
  2756	43.000000
  2757	43.000000
  2758	43.000000
  2759	43.000000
  2760	43.000000
  2761	43.000000
  2762	43.000000
  2763	43.000000
  2764	43.000000
  2765	43.000000
  2766	43.000000
  2767	43.000000
  2768	43.000000
  2769	43.000000
  2770	43.000000
  2771	43.000000
  2772	43.000000
  2773	43.000000
  2774	43.000000
  2775	43.000000
  2776	43.000000
  2777	43.000000
  2778	43.000000
  2779	43.000000
  2780	43.000000
  2781	43.000000
  2782	43.000000
  2783	43.000000
  2784	43.000000
  2785	43.000000
  2786	43.000000
  2787	43.000000
  2788	43.000000
  2789	43.000000
  2790	43.000000
  2791	43.000000
  2792	43.000000
  2793	43.000000
  2794	43.000000
  2795	43.000000
  2796	43.000000
  2797	43.000000
  2798	43.000000
  2799	43.000000
  2800	43.000000
  2801	43.000000
  2802	43.000000
  2803	43.000000
  2804	43.000000
  2805	43.000000
  2806	43.000000
  2807	43.000000
  2808	43.000000
  2809	43.000000
  2810	43.000000
  2811	43.000000
  2812	43.000000
  2813	43.000000
  2814	43.000000
  2815	43.000000
  2816	43.000000
  2817	43.000000
  2818	43.000000
  2819	43.000000
  2820	42.900000
  2821	43.000000
  2822	43.000000
  2823	42.900000
  2824	43.000000
  2825	43.000000
  2826	42.900000
  2827	43.000000
  2828	43.000000
  2829	43.000000
  2830	43.000000
  2831	43.000000
  2832	43.000000
  2833	43.000000
  2834	43.000000
  2835	43.000000
  2836	43.000000
  2837	43.000000
  2838	43.000000
  2839	43.000000
  2840	43.000000
  2841	43.000000
  2842	43.000000
  2843	43.000000
  2844	43.000000
  2845	43.000000
  2846	43.000000
  2847	43.000000
  2848	43.000000
  2849	43.000000
  2850	43.000000
  2851	43.000000
  2852	43.000000
  2853	43.000000
  2854	43.000000
  2855	43.000000
  2856	43.000000
  2857	43.000000
  2858	43.000000
  2859	43.000000
  2860	43.000000
  2861	43.000000
  2862	43.000000
  2863	43.000000
  2864	43.000000
  2865	43.000000
  2866	43.000000
  2867	43.000000
  2868	43.000000
  2869	43.000000
  2870	43.000000
  2871	43.000000
  2872	43.000000
  2873	43.000000
  2874	43.000000
  2875	43.000000
  2876	43.000000
  2877	43.000000
  2878	43.000000
  2879	43.000000
  2880	43.000000
  2881	43.000000
  2882	43.000000
  2883	43.000000
  2884	43.000000
  2885	43.000000
  2886	43.000000
  2887	43.000000
  2888	43.000000
  2889	43.000000
  2890	43.000000
  2891	43.000000
  2892	43.000000
  2893	43.000000
  2894	43.000000
  2895	43.000000
  2896	43.000000
  2897	43.000000
  2898	43.000000
  2899	43.000000
  2900	43.000000
  2901	43.000000
  2902	43.000000
  2903	43.000000
  2904	43.000000
  2905	43.000000
  2906	43.000000
  2907	43.000000
  2908	43.000000
  2909	43.000000
  2910	43.000000
  2911	43.000000
  2912	43.000000
  2913	43.000000
  2914	43.000000
  2915	43.000000
  2916	43.000000
  2917	43.000000
  2918	43.000000
  2919	43.000000
  2920	43.000000
  2921	43.000000
  2922	43.000000
  2923	43.000000
  2924	43.000000
  2925	43.000000
  2926	43.000000
  2927	43.000000
  2928	43.000000
  2929	43.000000
  2930	43.000000
  2931	43.000000
  2932	43.000000
  2933	43.000000
  2934	43.000000
  2935	43.000000
  2936	43.000000
  2937	43.000000
  2938	43.000000
  2939	43.000000
  2940	43.000000
  2941	43.000000
  2942	43.000000
  2943	43.000000
  2944	43.000000
  2945	43.000000
  2946	43.000000
  2947	43.000000
  2948	43.000000
  2949	43.000000
  2950	43.000000
  2951	43.000000
  2952	43.000000
  2953	43.000000
  2954	43.000000
  2955	43.000000
  2956	43.000000
  2957	43.000000
  2958	43.000000
  2959	43.000000
  2960	43.000000
  2961	43.000000
  2962	43.000000
  2963	43.000000
  2964	43.000000
  2965	43.000000
  2966	43.000000
  2967	43.000000
  2968	43.000000
  2969	43.000000
  2970	43.000000
  2971	43.000000
  2972	43.000000
  2973	43.000000
  2974	43.000000
  2975	43.000000
  2976	43.000000
  2977	43.000000
  2978	43.000000
  2979	43.000000
  2980	43.000000
  2981	43.000000
  2982	43.000000
  2983	43.000000
  2984	43.000000
  2985	43.000000
  2986	43.000000
  2987	43.000000
  2988	43.000000
  2989	43.000000
  2990	43.000000
  2991	43.000000
  2992	43.000000
  2993	43.000000
  2994	43.000000
  2995	43.000000
  2996	43.000000
  2997	43.000000
  2998	43.000000
  2999	43.000000
  3000	43.000000
  3001	43.000000
  3002	43.000000
  3003	43.000000
  3004	43.000000
  3005	43.000000
  3006	43.000000
  3007	43.000000
  3008	43.000000
  3009	43.000000
  3010	43.000000
  3011	43.000000
  3012	43.000000
  3013	43.000000
  3014	43.000000
  3015	43.000000
  3016	43.000000
  3017	43.000000
  3018	43.000000
  3019	43.000000
  3020	43.000000
  3021	43.000000
  3022	43.000000
  3023	43.000000
  3024	43.000000
  3025	43.000000
  3026	43.000000
  3027	43.000000
  3028	43.000000
  3029	43.000000
  3030	43.000000
  3031	43.000000
  3032	43.000000
  3033	43.000000
  3034	43.000000
  3035	43.000000
  3036	43.000000
  3037	43.000000
  3038	43.000000
  3039	43.000000
  3040	43.000000
  3041	43.000000
  3042	43.000000
  3043	43.000000
  3044	43.000000
  3045	43.000000
  3046	43.000000
  3047	43.000000
  3048	43.000000
  3049	43.000000
  3050	43.000000
  3051	43.000000
  3052	43.000000
  3053	43.000000
  3054	43.000000
  3055	43.000000
  3056	43.000000
  3057	43.000000
  3058	43.000000
  3059	43.000000
  3060	43.000000
  3061	43.000000
  3062	43.000000
  3063	43.000000
  3064	43.000000
  3065	43.000000
  3066	43.000000
  3067	43.000000
  3068	43.000000
  3069	43.000000
  3070	43.000000
  3071	43.000000
  3072	43.000000
  3073	43.000000
  3074	43.000000
  3075	43.000000
  3076	43.000000
  3077	43.000000
  3078	43.000000
  3079	43.000000
  3080	43.000000
  3081	43.000000
  3082	43.000000
  3083	43.000000
  3084	43.000000
  3085	43.000000
  3086	43.000000
  3087	43.000000
  3088	43.000000
  3089	43.000000
  3090	43.000000
  3091	43.000000
  3092	43.000000
  3093	43.000000
  3094	43.000000
  3095	43.000000
  3096	43.000000
  3097	43.000000
  3098	43.000000
  3099	43.000000
  3100	43.000000
  3101	43.000000
  3102	43.000000
  3103	43.000000
  3104	43.000000
  3105	43.000000
  3106	43.000000
  3107	43.000000
  3108	43.000000
  3109	43.000000
  3110	43.000000
  3111	43.000000
  3112	43.000000
  3113	43.000000
  3114	43.000000
  3115	43.000000
  3116	43.000000
  3117	43.000000
  3118	43.000000
  3119	43.000000
  3120	43.000000
  3121	43.000000
  3122	43.000000
  3123	43.000000
  3124	43.000000
  3125	43.000000
  3126	43.000000
  3127	43.000000
  3128	43.000000
  3129	43.000000
  3130	43.000000
  3131	43.000000
  3132	43.000000
  3133	43.000000
  3134	43.000000
  3135	43.000000
  3136	43.000000
  3137	43.000000
  3138	43.000000
  3139	43.000000
  3140	43.000000
  3141	43.000000
  3142	43.000000
  3143	43.000000
  3144	43.000000
  3145	43.000000
  3146	43.000000
  3147	43.000000
  3148	43.000000
  3149	43.000000
  3150	43.000000
  3151	43.000000
  3152	43.000000
  3153	43.000000
  3154	43.000000
  3155	43.000000
  3156	43.000000
  3157	43.000000
  3158	43.000000
  3159	43.000000
  3160	43.000000
  3161	43.000000
  3162	43.000000
  3163	43.000000
  3164	43.000000
  3165	43.000000
  3166	43.000000
  3167	43.000000
  3168	43.000000
  3169	43.000000
  3170	43.000000
  3171	43.000000
  3172	43.000000
  3173	43.000000
  3174	43.000000
  3175	43.000000
  3176	43.000000
  3177	43.000000
  3178	43.000000
  3179	43.000000
  3180	43.000000
  3181	43.000000
  3182	43.000000
  3183	43.000000
  3184	43.000000
  3185	43.000000
  3186	43.000000
  3187	43.000000
  3188	43.000000
  3189	43.000000
  3190	43.000000
  3191	43.000000
  3192	43.000000
  3193	43.000000
  3194	43.000000
  3195	43.000000
  3196	43.000000
  3197	43.000000
  3198	43.000000
  3199	43.000000
  3200	43.000000
  3201	43.000000
  3202	43.000000
  3203	43.000000
  3204	43.000000
  3205	43.000000
  3206	43.000000
  3207	43.000000
  3208	43.000000
  3209	43.000000
  3210	43.000000
  3211	43.000000
  3212	43.000000
  3213	43.000000
  3214	43.000000
  3215	43.000000
  3216	43.000000
  3217	43.000000
  3218	43.000000
  3219	43.000000
  3220	43.000000
  3221	43.000000
  3222	43.000000
  3223	43.000000
  3224	43.000000
  3225	43.000000
  3226	43.000000
  3227	43.000000
  3228	43.000000
  3229	43.000000
  3230	43.000000
  3231	43.000000
  3232	43.000000
  3233	43.000000
  3234	43.000000
  3235	43.000000
  3236	43.000000
  3237	43.000000
  3238	43.000000
  3239	43.000000
  3240	43.000000
  3241	43.000000
  3242	43.000000
  3243	43.000000
  3244	43.000000
  3245	43.000000
  3246	43.000000
  3247	43.000000
  3248	43.000000
  3249	43.000000
  3250	43.000000
  3251	43.000000
  3252	43.000000
  3253	43.000000
  3254	43.000000
  3255	43.000000
  3256	43.000000
  3257	43.000000
  3258	43.000000
  3259	43.000000
  3260	43.000000
  3261	43.000000
  3262	43.000000
  3263	43.000000
  3264	43.000000
  3265	43.000000
  3266	43.000000
  3267	43.000000
  3268	43.000000
  3269	43.000000
  3270	43.000000
  3271	43.100000
  3272	43.100000
  3273	43.100000
  3274	43.100000
  3275	43.000000
  3276	43.000000
  3277	43.000000
  3278	43.000000
  3279	43.000000
  3280	43.000000
  3281	43.000000
  3282	43.100000
  3283	43.100000
  3284	43.100000
  3285	43.100000
  3286	43.100000
  3287	43.100000
  3288	43.100000
  3289	43.100000
  3290	43.100000
  3291	43.100000
  3292	43.100000
  3293	43.100000
  3294	43.100000
  3295	43.100000
  3296	43.100000
  3297	43.100000
  3298	43.100000
  3299	43.100000
  3300	43.100000
  3301	43.100000
  3302	43.100000
  3303	43.100000
  3304	43.100000
  3305	43.100000
  3306	43.100000
  3307	43.100000
  3308	43.100000
  3309	43.100000
  3310	43.100000
  3311	43.100000
  3312	43.100000
  3313	43.100000
  3314	43.100000
  3315	43.100000
  3316	43.100000
  3317	43.100000
  3318	43.100000
  3319	43.100000
  3320	43.100000
  3321	43.100000
  3322	43.100000
  3323	43.100000
  3324	43.100000
  3325	43.100000
  3326	43.100000
  3327	43.100000
  3328	43.100000
  3329	43.100000
  3330	43.100000
  3331	43.100000
  3332	43.100000
  3333	43.100000
  3334	43.100000
  3335	43.100000
  3336	43.100000
  3337	43.100000
  3338	43.100000
  3339	43.100000
  3340	43.100000
  3341	43.100000
  3342	43.100000
  3343	43.100000
  3344	43.100000
  3345	43.100000
  3346	43.100000
  3347	43.100000
  3348	43.100000
  3349	43.100000
  3350	43.100000
  3351	43.100000
  3352	43.100000
  3353	43.100000
  3354	43.100000
  3355	43.100000
  3356	43.100000
  3357	43.100000
  3358	43.100000
  3359	43.100000
  3360	43.100000
  3361	43.100000
  3362	43.100000
  3363	43.100000
  3364	43.100000
  3365	43.100000
  3366	43.100000
  3367	43.100000
  3368	43.100000
  3369	43.100000
  3370	43.100000
  3371	43.100000
  3372	43.100000
  3373	43.100000
  3374	43.100000
  3375	43.100000
  3376	43.100000
  3377	43.100000
  3378	43.100000
  3379	43.100000
  3380	43.100000
  3381	43.100000
  3382	43.100000
  3383	43.100000
  3384	43.100000
  3385	43.100000
  3386	43.100000
  3387	43.100000
  3388	43.100000
  3389	43.100000
  3390	43.100000
  3391	43.100000
  3392	43.100000
  3393	43.100000
  3394	43.100000
  3395	43.100000
  3396	43.100000
  3397	43.100000
  3398	43.100000
  3399	43.100000
  3400	43.100000
  3401	43.100000
  3402	43.100000
  3403	43.100000
  3404	43.100000
  3405	43.100000
  3406	43.100000
  3407	43.100000
  3408	43.100000
  3409	43.100000
  3410	43.100000
  3411	43.100000
  3412	43.100000
  3413	43.100000
  3414	43.100000
  3415	43.100000
  3416	43.100000
  3417	43.100000
  3418	43.100000
  3419	43.100000
  3420	43.100000
  3421	43.100000
  3422	43.100000
  3423	43.100000
  3424	43.100000
  3425	43.100000
  3426	43.100000
  3427	43.100000
  3428	43.100000
  3429	43.100000
  3430	43.100000
  3431	43.100000
  3432	43.100000
  3433	43.100000
  3434	43.100000
  3435	43.100000
  3436	43.100000
  3437	43.100000
  3438	43.100000
  3439	43.100000
  3440	43.100000
  3441	43.100000
  3442	43.100000
  3443	43.100000
  3444	43.100000
  3445	43.100000
  3446	43.100000
  3447	43.100000
  3448	43.100000
  3449	43.100000
  3450	43.100000
  3451	43.100000
  3452	43.100000
  3453	43.100000
  3454	43.100000
  3455	43.100000
  3456	43.100000
  3457	43.100000
  3458	43.100000
  3459	43.100000
  3460	43.100000
  3461	43.100000
  3462	43.100000
  3463	43.100000
  3464	43.100000
  3465	43.100000
  3466	43.100000
  3467	43.100000
  3468	43.100000
  3469	43.100000
  3470	43.100000
  3471	43.100000
  3472	43.100000
  3473	43.100000
  3474	43.100000
  3475	43.100000
  3476	43.100000
  3477	43.100000
  3478	43.100000
  3479	43.100000
  3480	43.000000
  3481	43.100000
  3482	43.000000
  3483	43.100000
  3484	43.100000
  3485	43.100000
  3486	43.000000
  3487	43.100000
  3488	43.000000
  3489	43.000000
  3490	43.000000
  3491	43.000000
  3492	43.000000
  3493	43.000000
  3494	43.000000
  3495	43.000000
  3496	43.000000
  3497	43.000000
  3498	43.000000
  3499	43.000000
  3500	43.000000
  3501	43.000000
  3502	43.000000
  3503	43.000000
  3504	43.000000
  3505	43.000000
  3506	43.000000
  3507	43.000000
  3508	43.000000
  3509	43.000000
  3510	43.000000
  3511	43.000000
  3512	43.000000
  3513	43.000000
  3514	43.000000
  3515	43.000000
  3516	43.000000
  3517	43.000000
  3518	43.000000
  3519	43.000000
  3520	43.000000
  3521	43.000000
  3522	43.000000
  3523	43.000000
  3524	43.000000
  3525	43.000000
  3526	43.000000
  3527	43.000000
  3528	43.000000
  3529	43.000000
  3530	43.000000
  3531	43.000000
  3532	43.000000
  3533	43.000000
  3534	43.000000
  3535	43.000000
  3536	43.000000
  3537	43.000000
  3538	43.000000
  3539	43.000000
  3540	43.000000
  3541	43.000000
  3542	43.000000
  3543	43.000000
  3544	43.000000
  3545	43.000000
  3546	43.000000
  3547	43.000000
  3548	43.000000
  3549	43.000000
  3550	43.000000
  3551	43.000000
  3552	43.000000
  3553	43.000000
  3554	43.000000
  3555	43.000000
  3556	43.000000
  3557	43.000000
  3558	43.000000
  3559	43.000000
  3560	43.000000
  3561	43.000000
  3562	43.000000
  3563	43.000000
  3564	43.000000
  3565	43.000000
  3566	43.000000
  3567	43.000000
  3568	43.000000
  3569	43.000000
  3570	43.000000
  3571	43.000000
  3572	43.000000
  3573	43.000000
  3574	43.000000
  3575	43.000000
  3576	43.000000
  3577	43.000000
  3578	43.000000
  3579	43.000000
  3580	43.000000
  3581	43.000000
  3582	43.000000
  3583	43.000000
  3584	43.000000
  3585	43.000000
  3586	43.000000
  3587	43.000000
  3588	43.000000
  3589	43.000000
  3590	43.000000
  3591	43.000000
  3592	43.000000
  3593	43.000000
  3594	43.000000
  3595	43.000000
  3596	43.000000
  3597	43.000000
  3598	43.000000
  3599	43.000000
  3600	43.000000
  3601	43.000000
  3602	43.000000
  3603	43.000000
  3604	43.000000
  3605	43.000000
  3606	43.000000
  3607	43.000000
  3608	43.000000
  3609	43.000000
  3610	43.000000
  3611	43.000000
  3612	43.000000
  3613	43.000000
  3614	43.000000
  3615	43.000000
  3616	43.000000
  3617	43.000000
  3618	43.000000
  3619	43.000000
  3620	43.000000
  3621	43.000000
  3622	43.000000
  3623	43.000000
  3624	43.000000
  3625	43.000000
  3626	43.000000
  3627	43.000000
  3628	43.000000
  3629	43.000000
  3630	43.000000
  3631	43.000000
  3632	43.000000
  3633	43.000000
  3634	43.000000
  3635	43.000000
  3636	43.000000
  3637	43.000000
  3638	43.000000
  3639	43.000000
  3640	43.000000
  3641	43.000000
  3642	43.000000
  3643	43.000000
  3644	43.000000
  3645	43.000000
  3646	43.000000
  3647	43.000000
  3648	43.000000
  3649	43.000000
  3650	43.000000
  3651	43.000000
  3652	43.000000
  3653	43.000000
  3654	43.000000
  3655	43.000000
  3656	43.000000
  3657	43.000000
  3658	43.000000
  3659	43.000000
  3660	43.000000
  3661	43.000000
  3662	43.000000
  3663	43.000000
  3664	43.000000
  3665	43.000000
  3666	43.000000
  3667	43.000000
  3668	43.000000
  3669	43.000000
  3670	43.000000
  3671	43.000000
  3672	43.000000
  3673	43.000000
  3674	43.000000
  3675	43.000000
  3676	43.000000
  3677	43.000000
  3678	43.000000
  3679	43.000000
  3680	43.000000
  3681	43.000000
  3682	43.000000
  3683	43.000000
  3684	43.000000
  3685	43.000000
  3686	43.000000
  3687	43.000000
  3688	43.000000
  3689	43.000000
  3690	43.000000
  3691	43.000000
  3692	43.000000
  3693	43.000000
  3694	43.000000
  3695	43.000000
  3696	43.000000
  3697	43.000000
  3698	43.000000
  3699	43.000000
  3700	43.000000
  3701	43.000000
  3702	43.000000
  3703	43.000000
  3704	43.000000
  3705	43.000000
  3706	43.000000
  3707	43.000000
  3708	43.000000
  3709	43.000000
  3710	43.000000
  3711	43.000000
  3712	43.000000
  3713	43.000000
  3714	43.000000
  3715	43.000000
  3716	43.000000
  3717	43.000000
  3718	43.000000
  3719	43.000000
  3720	43.000000
  3721	43.000000
  3722	43.000000
  3723	43.000000
  3724	43.000000
  3725	43.000000
  3726	43.000000
  3727	43.000000
  3728	43.000000
  3729	43.000000
  3730	43.000000
  3731	43.000000
  3732	43.000000
  3733	43.000000
  3734	43.000000
  3735	43.000000
  3736	43.000000
  3737	43.000000
  3738	43.000000
  3739	43.000000
  3740	43.000000
  3741	43.000000
  3742	43.000000
  3743	43.000000
  3744	43.000000
  3745	43.000000
  3746	43.000000
  3747	43.000000
  3748	43.000000
  3749	43.000000
  3750	43.000000
  3751	43.000000
  3752	43.000000
  3753	43.000000
  3754	43.000000
  3755	43.000000
  3756	43.000000
  3757	43.000000
  3758	43.000000
  3759	43.000000
  3760	43.000000
  3761	43.000000
  3762	43.000000
  3763	43.000000
  3764	43.000000
  3765	43.000000
  3766	43.000000
  3767	43.000000
  3768	43.000000
  3769	43.000000
  3770	43.000000
  3771	43.000000
  3772	43.000000
  3773	43.000000
  3774	43.000000
  3775	43.000000
  3776	43.000000
  3777	43.000000
  3778	43.000000
  3779	43.000000
  3780	43.000000
  3781	43.000000
  3782	43.000000
  3783	43.000000
  3784	43.000000
  3785	43.000000
  3786	43.000000
  3787	43.000000
  3788	43.000000
  3789	43.000000
  3790	43.000000
  3791	43.000000
  3792	43.000000
  3793	43.000000
  3794	43.000000
  3795	43.000000
  3796	43.000000
  3797	43.000000
  3798	43.000000
  3799	43.000000
  3800	43.000000
  3801	43.000000
  3802	43.000000
  3803	43.000000
  3804	43.000000
  3805	43.000000
  3806	43.000000
  3807	43.000000
  3808	43.000000
  3809	43.000000
  3810	43.000000
  3811	43.000000
  3812	43.000000
  3813	43.000000
  3814	43.000000
  3815	43.000000
  3816	43.000000
  3817	43.000000
  3818	43.000000
  3819	43.000000
  3820	43.000000
  3821	43.000000
  3822	43.000000
  3823	43.000000
  3824	43.000000
  3825	43.000000
  3826	43.000000
  3827	43.000000
  3828	43.000000
  3829	43.000000
  3830	43.000000
  3831	43.000000
  3832	43.000000
  3833	43.000000
  3834	43.000000
  3835	43.000000
  3836	43.000000
  3837	43.000000
  3838	43.000000
  3839	43.000000
  3840	43.000000
  3841	43.000000
  3842	43.000000
  3843	43.000000
  3844	43.000000
  3845	43.000000
  3846	43.000000
  3847	43.000000
  3848	43.000000
  3849	43.000000
  3850	43.000000
  3851	43.000000
  3852	43.000000
  3853	43.000000
  3854	43.000000
  3855	43.000000
  3856	43.000000
  3857	43.000000
  3858	43.000000
  3859	43.000000
  3860	43.000000
  3861	43.000000
  3862	43.000000
  3863	43.000000
  3864	43.000000
  3865	43.000000
  3866	43.000000
  3867	43.000000
  3868	43.000000
  3869	43.000000
  3870	43.000000
  3871	43.000000
  3872	43.000000
  3873	43.000000
  3874	43.000000
  3875	43.000000
  3876	43.000000
  3877	43.000000
  3878	43.000000
  3879	43.000000
  3880	43.000000
  3881	43.000000
  3882	43.000000
  3883	43.000000
  3884	43.000000
  3885	43.000000
  3886	43.000000
  3887	43.000000
  3888	43.000000
  3889	43.000000
  3890	43.000000
  3891	43.000000
  3892	43.000000
  3893	43.000000
  3894	43.000000
  3895	43.000000
  3896	43.000000
  3897	43.000000
  3898	43.000000
  3899	43.000000
  3900	43.000000
  3901	43.000000
  3902	43.000000
  3903	43.000000
  3904	43.000000
  3905	43.000000
  3906	43.000000
  3907	43.000000
  3908	43.000000
  3909	43.000000
  3910	43.000000
  3911	43.000000
  3912	43.000000
  3913	43.000000
  3914	43.000000
  3915	43.000000
  3916	43.000000
  3917	43.000000
  3918	43.000000
  3919	43.000000
  3920	43.000000
  3921	43.000000
  3922	43.000000
  3923	43.000000
  3924	43.000000
  3925	43.000000
  3926	43.000000
  3927	43.000000
  3928	43.000000
  3929	43.000000
  3930	43.000000
  3931	43.000000
  3932	43.000000
  3933	43.000000
  3934	43.000000
  3935	43.000000
  3936	43.000000
  3937	43.000000
  3938	43.000000
  3939	43.000000
  3940	43.000000
  3941	43.000000
  3942	43.000000
  3943	43.000000
  3944	43.000000
  3945	43.000000
  3946	43.000000
  3947	43.000000
  3948	43.000000
  3949	43.000000
  3950	43.000000
  3951	43.000000
  3952	43.000000
  3953	43.000000
  3954	43.000000
  3955	43.000000
  3956	43.000000
  3957	43.000000
  3958	43.000000
  3959	43.000000
  3960	43.000000
  3961	43.000000
  3962	43.000000
  3963	43.000000
  3964	43.000000
  3965	43.000000
  3966	43.000000
  3967	43.000000
  3968	43.000000
  3969	43.000000
  3970	43.000000
  3971	43.000000
  3972	43.000000
  3973	43.000000
  3974	43.000000
  3975	43.000000
  3976	43.000000
  3977	43.000000
  3978	43.000000
  3979	43.000000
  3980	43.000000
  3981	43.000000
  3982	43.000000
  3983	43.000000
  3984	43.000000
  3985	43.000000
  3986	43.000000
  3987	43.000000
  3988	43.000000
  3989	43.000000
  3990	43.000000
  3991	43.000000
  3992	43.000000
  3993	43.000000
  3994	43.000000
  3995	43.000000
  3996	43.000000
  3997	43.000000
  3998	43.000000
  3999	43.000000
  4000	43.000000
  4001	43.000000
  4002	43.000000
  4003	43.000000
  4004	43.000000
  4005	43.000000
  4006	43.000000
  4007	43.000000
  4008	43.000000
  4009	43.000000
  4010	43.000000
  4011	43.000000
  4012	43.000000
  4013	43.000000
  4014	43.000000
  4015	43.000000
  4016	43.000000
  4017	43.000000
  4018	43.000000
  4019	43.000000
  4020	43.000000
  4021	43.000000
  4022	43.000000
  4023	43.000000
  4024	43.000000
  4025	43.000000
  4026	43.000000
  4027	43.000000
  4028	43.000000
  4029	43.000000
  4030	43.000000
  4031	43.000000
  4032	43.000000
  4033	43.000000
  4034	43.000000
  4035	43.000000
  4036	43.000000
  4037	43.000000
  4038	43.000000
  4039	43.000000
  4040	43.000000
  4041	43.000000
  4042	43.000000
  4043	43.000000
  4044	43.000000
  4045	43.000000
  4046	43.000000
  4047	43.000000
  4048	43.000000
  4049	43.000000
  4050	43.000000
  4051	43.000000
  4052	43.000000
  4053	43.000000
  4054	43.000000
  4055	43.000000
  4056	43.000000
  4057	43.000000
  4058	43.000000
  4059	43.000000
  4060	43.000000
  4061	43.000000
  4062	43.000000
  4063	43.000000
  4064	43.000000
  4065	43.000000
  4066	43.000000
  4067	43.000000
  4068	43.000000
  4069	43.000000
  4070	43.000000
  4071	43.000000
  4072	43.000000
  4073	43.000000
  4074	43.000000
  4075	43.000000
  4076	43.000000
  4077	43.000000
  4078	43.000000
  4079	43.000000
  4080	43.000000
  4081	43.000000
  4082	43.000000
  4083	43.000000
  4084	43.000000
  4085	43.000000
  4086	43.000000
  4087	43.000000
  4088	43.000000
  4089	43.000000
  4090	43.000000
  4091	43.000000
  4092	43.000000
  4093	43.000000
  4094	43.000000
  4095	43.000000
  4096	43.000000
  4097	43.000000
  4098	43.000000
  4099	43.000000
  4100	43.000000
  4101	43.000000
  4102	43.000000
  4103	43.000000
  4104	43.000000
  4105	43.000000
  4106	43.000000
  4107	43.000000
  4108	43.000000
  4109	43.000000
  4110	43.000000
  4111	43.000000
  4112	43.000000
  4113	43.000000
  4114	43.000000
  4115	43.000000
  4116	43.000000
  4117	43.000000
  4118	43.000000
  4119	43.000000
  4120	43.000000
  4121	43.000000
  4122	43.000000
  4123	43.000000
  4124	43.000000
  4125	43.000000
  4126	43.000000
  4127	43.000000
  4128	43.000000
  4129	43.000000
  4130	43.000000
  4131	43.000000
  4132	43.000000
  4133	43.000000
  4134	43.000000
  4135	43.000000
  4136	43.000000
  4137	43.000000
  4138	43.000000
  4139	43.000000
  4140	43.000000
  4141	43.000000
  4142	43.000000
  4143	43.000000
  4144	43.000000
  4145	43.000000
  4146	43.000000
  4147	43.000000
  4148	43.000000
  4149	43.000000
  4150	43.000000
  4151	43.000000
  4152	43.000000
  4153	43.000000
  4154	43.000000
  4155	43.000000
  4156	43.000000
  4157	43.000000
  4158	43.000000
  4159	43.000000
  4160	43.000000
  4161	43.000000
  4162	43.000000
  4163	43.000000
  4164	43.000000
  4165	43.000000
  4166	43.000000
  4167	43.000000
  4168	43.000000
  4169	43.000000
  4170	43.000000
  4171	43.000000
  4172	43.000000
  4173	43.000000
  4174	43.000000
  4175	43.000000
  4176	43.000000
  4177	43.000000
  4178	43.000000
  4179	43.000000
  4180	43.000000
  4181	43.000000
  4182	43.000000
  4183	43.000000
  4184	43.000000
  4185	43.000000
  4186	43.000000
  4187	43.000000
  4188	43.000000
  4189	43.000000
  4190	43.000000
  4191	43.000000
  4192	43.000000
  4193	43.000000
  4194	43.000000
  4195	43.000000
  4196	43.000000
  4197	43.000000
  4198	43.000000
  4199	43.000000
  4200	43.000000
  4201	43.000000
  4202	43.000000
  4203	43.000000
  4204	43.000000
  4205	43.000000
  4206	43.000000
  4207	43.000000
  4208	43.000000
  4209	43.000000
  4210	43.000000
  4211	43.000000
  4212	43.000000
  4213	43.000000
  4214	43.000000
  4215	43.000000
  4216	43.000000
  4217	43.000000
  4218	43.000000
  4219	43.000000
  4220	43.000000
  4221	43.000000
  4222	43.000000
  4223	43.000000
  4224	43.000000
  4225	43.000000
  4226	43.000000
  4227	43.000000
  4228	43.000000
  4229	43.000000
  4230	43.000000
  4231	43.000000
  4232	43.000000
  4233	43.000000
  4234	43.000000
  4235	43.000000
  4236	43.000000
  4237	43.000000
  4238	43.000000
  4239	43.000000
  4240	43.000000
  4241	43.000000
  4242	43.000000
  4243	43.000000
  4244	43.000000
  4245	43.000000
  4246	43.000000
  4247	43.000000
  4248	43.000000
  4249	43.000000
  4250	43.000000
  4251	43.000000
  4252	43.000000
  4253	43.000000
  4254	43.000000
  4255	43.000000
  4256	43.000000
  4257	43.000000
  4258	43.000000
  4259	43.000000
  4260	43.000000
  4261	43.000000
  4262	43.000000
  4263	43.000000
  4264	43.000000
  4265	43.000000
  4266	43.000000
  4267	43.000000
  4268	43.000000
  4269	43.000000
  4270	43.000000
  4271	43.000000
  4272	43.000000
  4273	43.000000
  4274	43.000000
  4275	43.000000
  4276	43.000000
  4277	43.000000
  4278	43.000000
  4279	43.000000
  4280	43.000000
  4281	43.000000
  4282	43.000000
  4283	43.000000
  4284	43.000000
  4285	43.000000
  4286	43.000000
  4287	43.000000
  4288	43.000000
  4289	43.000000
  4290	43.000000
  4291	43.000000
  4292	43.000000
  4293	43.000000
  4294	43.000000
  4295	43.000000
  4296	43.000000
  4297	43.000000
  4298	43.000000
  4299	43.000000
  4300	43.000000
  4301	43.000000
  4302	43.000000
  4303	43.000000
  4304	43.000000
  4305	43.000000
  4306	43.000000
  4307	43.000000
  4308	43.000000
  4309	43.000000
  4310	43.000000
  4311	43.000000
  4312	43.000000
  4313	43.000000
  4314	43.000000
  4315	43.000000
  4316	43.000000
  4317	43.000000
  4318	43.000000
  4319	43.000000
  4320	43.000000
  4321	43.000000
  4322	43.000000
  4323	43.000000
  4324	43.000000
  4325	43.000000
  4326	43.000000
  4327	43.000000
  4328	43.000000
  4329	43.000000
  4330	43.000000
  4331	43.000000
  4332	43.000000
  4333	43.000000
  4334	43.000000
  4335	43.000000
  4336	43.000000
  4337	43.000000
  4338	43.000000
  4339	43.000000
  4340	43.000000
  4341	43.000000
  4342	43.000000
  4343	43.000000
  4344	43.000000
  4345	43.000000
  4346	43.000000
  4347	43.000000
  4348	43.000000
  4349	43.000000
  4350	43.000000
  4351	43.000000
  4352	43.000000
  4353	43.000000
  4354	43.000000
  4355	43.000000
  4356	43.000000
  4357	43.000000
  4358	43.000000
  4359	43.000000
  4360	43.000000
  4361	43.000000
  4362	43.000000
  4363	43.000000
  4364	43.000000
  4365	43.000000
  4366	43.000000
  4367	43.000000
  4368	43.000000
  4369	43.000000
  4370	43.000000
  4371	43.000000
  4372	43.000000
  4373	43.000000
  4374	43.000000
  4375	43.000000
  4376	43.000000
  4377	43.000000
  4378	43.000000
  4379	43.000000
  4380	43.000000
  4381	43.000000
  4382	43.000000
  4383	43.000000
  4384	43.000000
  4385	43.000000
  4386	43.000000
  4387	43.000000
  4388	43.000000
  4389	43.000000
  4390	43.000000
  4391	43.000000
  4392	43.000000
  4393	43.000000
  4394	43.000000
  4395	43.000000
  4396	43.000000
  4397	43.000000
  4398	43.000000
  4399	43.000000
  4400	43.000000
  4401	43.000000
  4402	43.000000
  4403	43.000000
  4404	43.000000
  4405	43.000000
  4406	43.000000
  4407	43.000000
  4408	43.000000
  4409	43.000000
  4410	43.000000
  4411	43.000000
  4412	43.000000
  4413	43.000000
  4414	43.000000
  4415	43.000000
  4416	43.000000
  4417	43.000000
  4418	43.000000
  4419	43.000000
  4420	43.000000
  4421	43.000000
  4422	43.000000
  4423	43.000000
  4424	43.000000
  4425	43.000000
  4426	43.000000
  4427	43.000000
  4428	43.000000
  4429	43.000000
  4430	43.000000
  4431	43.000000
  4432	43.000000
  4433	43.000000
  4434	43.000000
  4435	43.000000
  4436	43.000000
  4437	43.000000
  4438	43.000000
  4439	43.000000
  4440	43.000000
  4441	43.000000
  4442	43.000000
  4443	43.000000
  4444	43.000000
  4445	43.000000
  4446	43.000000
  4447	43.000000
  4448	43.000000
  4449	43.000000
  4450	43.000000
  4451	43.000000
  4452	43.000000
  4453	43.000000
  4454	43.000000
  4455	43.000000
  4456	43.000000
  4457	43.000000
  4458	43.000000
  4459	43.000000
  4460	43.000000
  4461	43.000000
  4462	43.000000
  4463	43.000000
  4464	43.000000
  4465	43.000000
  4466	43.000000
  4467	43.000000
  4468	43.000000
  4469	43.000000
  4470	43.000000
  4471	43.000000
  4472	43.000000
  4473	43.000000
  4474	43.000000
  4475	43.000000
  4476	43.000000
  4477	43.000000
  4478	43.000000
  4479	43.000000
  4480	43.000000
  4481	43.000000
  4482	43.000000
  4483	43.000000
  4484	43.000000
  4485	43.000000
  4486	43.000000
  4487	43.000000
  4488	43.000000
  4489	43.000000
  4490	43.000000
  4491	43.000000
  4492	43.000000
  4493	43.000000
  4494	43.000000
  4495	43.000000
  4496	43.000000
  4497	43.000000
  4498	43.000000
  4499	43.000000
  4500	43.000000
  4501	43.000000
  4502	43.000000
  4503	43.000000
  4504	43.000000
  4505	43.000000
  4506	43.000000
  4507	43.000000
  4508	43.000000
  4509	43.000000
  4510	43.000000
  4511	43.000000
  4512	43.000000
  4513	43.000000
  4514	43.000000
  4515	43.000000
  4516	43.000000
  4517	43.000000
  4518	43.000000
  4519	43.000000
  4520	43.000000
  4521	43.000000
  4522	43.000000
  4523	43.000000
  4524	43.000000
  4525	43.000000
  4526	43.000000
  4527	43.000000
  4528	43.000000
  4529	43.000000
  4530	43.000000
  4531	43.000000
  4532	43.000000
  4533	43.000000
  4534	43.000000
  4535	43.000000
  4536	43.000000
  4537	43.000000
  4538	43.000000
  4539	43.000000
  4540	43.000000
  4541	43.000000
  4542	43.000000
  4543	43.000000
  4544	43.000000
  4545	43.000000
  4546	43.000000
  4547	43.000000
  4548	43.000000
  4549	43.000000
  4550	43.000000
  4551	43.000000
  4552	43.000000
  4553	43.000000
  4554	43.000000
  4555	43.000000
  4556	43.000000
  4557	43.000000
  4558	43.000000
  4559	43.000000
  4560	43.000000
  4561	43.000000
  4562	43.000000
  4563	43.000000
  4564	43.000000
  4565	43.000000
  4566	43.000000
  4567	43.000000
  4568	43.000000
  4569	43.000000
  4570	43.000000
  4571	43.000000
  4572	43.000000
  4573	43.000000
  4574	43.000000
  4575	43.000000
  4576	43.000000
  4577	43.000000
  4578	43.000000
  4579	43.000000
  4580	43.000000
  4581	43.000000
  4582	43.000000
  4583	43.000000
  4584	43.000000
  4585	43.000000
  4586	43.000000
  4587	43.000000
  4588	43.000000
  4589	43.000000
  4590	43.000000
  4591	43.000000
  4592	43.000000
  4593	43.000000
  4594	43.000000
  4595	43.000000
  4596	43.000000
  4597	43.000000
  4598	43.000000
  4599	43.000000
  4600	43.000000
  4601	43.000000
  4602	43.000000
  4603	43.000000
  4604	43.000000
  4605	43.000000
  4606	43.000000
  4607	43.000000
  4608	43.000000
  4609	43.000000
  4610	43.000000
  4611	43.000000
  4612	43.000000
  4613	43.000000
  4614	43.000000
  4615	43.000000
  4616	43.000000
  4617	43.000000
  4618	43.000000
  4619	43.000000
  4620	43.000000
  4621	43.000000
  4622	43.000000
  4623	43.000000
  4624	43.000000
  4625	43.000000
  4626	43.000000
  4627	43.000000
  4628	43.000000
  4629	43.000000
  4630	43.000000
  4631	43.000000
  4632	43.000000
  4633	43.000000
  4634	43.000000
  4635	43.000000
  4636	43.000000
  4637	43.000000
  4638	43.000000
  4639	43.000000
  4640	43.000000
  4641	43.000000
  4642	43.000000
  4643	43.000000
  4644	43.000000
  4645	43.000000
  4646	43.000000
  4647	43.000000
  4648	43.000000
  4649	43.000000
  4650	43.000000
  4651	43.000000
  4652	43.000000
  4653	43.000000
  4654	43.000000
  4655	43.000000
