     0	0
     1	2.000000
     2	16.600000
     3	15.800000
     4	18.500000
     5	20.400000
     6	21.700000
     7	23.100000
     8	24.200000
     9	24.900000
    10	25.500000
    11	26.000000
    12	26.500000
    13	27.000000
    14	27.400000
    15	27.700000
    16	28.100000
    17	28.400000
    18	28.800000
    19	29.000000
    20	29.100000
    21	29.300000
    22	29.500000
    23	29.600000
    24	29.700000
    25	29.900000
    26	30.000000
    27	30.100000
    28	30.200000
    29	30.300000
    30	30.400000
    31	30.400000
    32	30.500000
    33	30.500000
    34	30.500000
    35	30.500000
    36	30.500000
    37	30.500000
    38	30.500000
    39	30.600000
    40	30.600000
    41	30.600000
    42	30.700000
    43	30.800000
    44	30.800000
    45	30.800000
    46	30.800000
    47	30.800000
    48	30.900000
    49	30.900000
    50	30.900000
    51	30.900000
    52	31.000000
    53	31.000000
    54	31.000000
    55	31.000000
    56	31.000000
    57	31.000000
    58	31.000000
    59	30.900000
    60	31.000000
    61	31.000000
    62	31.000000
    63	31.000000
    64	31.100000
    65	31.100000
    66	31.100000
    67	31.100000
    68	31.100000
    69	31.100000
    70	31.200000
    71	31.200000
    72	31.200000
    73	31.300000
    74	31.300000
    75	31.300000
    76	31.300000
    77	31.400000
    78	31.400000
    79	31.400000
    80	31.500000
    81	31.400000
    82	31.500000
    83	31.500000
    84	31.500000
    85	31.400000
    86	31.400000
    87	31.400000
    88	31.500000
    89	31.500000
