     0	0
     1	1.400000
     2	17.600000
     3	26.100000
     4	31.500000
     5	34.800000
     6	37.700000
     7	39.800000
     8	41.800000
     9	43.300000
    10	44.600000
    11	45.900000
    12	47.300000
    13	47.900000
    14	48.500000
    15	49.100000
    16	49.700000
    17	50.100000
    18	50.600000
    19	48.500000
    20	49.000000
    21	49.400000
    22	49.700000
    23	49.900000
    24	50.300000
    25	50.500000
    26	50.900000
    27	51.400000
    28	51.700000
    29	51.900000
    30	52.200000
    31	52.500000
    32	52.600000
    33	52.900000
    34	53.200000
    35	53.300000
    36	53.500000
    37	53.700000
    38	53.900000
    39	54.000000
    40	54.300000
    41	54.400000
    42	54.500000
    43	54.800000
    44	54.800000
    45	55.000000
    46	55.000000
    47	55.300000
    48	55.300000
    49	54.300000
    50	54.300000
    51	54.400000
    52	54.400000
    53	54.400000
    54	54.400000
    55	54.500000
    56	54.500000
    57	54.600000
    58	54.700000
    59	54.700000
    60	54.800000
    61	54.900000
    62	54.800000
    63	54.800000
    64	54.900000
    65	55.000000
    66	55.100000
    67	55.000000
    68	55.100000
    69	55.100000
    70	55.200000
    71	55.200000
    72	55.300000
    73	55.400000
    74	55.400000
    75	55.400000
    76	55.400000
    77	55.500000
    78	55.600000
    79	55.600000
    80	55.600000
    81	55.600000
    82	55.000000
    83	55.000000
    84	55.200000
    85	55.200000
    86	55.200000
    87	55.200000
    88	55.200000
    89	55.200000
    90	55.200000
    91	55.200000
    92	55.200000
    93	55.200000
    94	55.300000
    95	55.300000
    96	55.300000
    97	55.400000
    98	55.400000
    99	55.400000
   100	55.400000
   101	55.400000
   102	55.400000
   103	55.400000
   104	55.400000
   105	55.500000
   106	54.900000
   107	54.900000
   108	54.900000
   109	55.100000
   110	55.200000
   111	55.200000
   112	55.200000
   113	55.200000
   114	55.200000
   115	55.200000
   116	55.200000
   117	55.300000
   118	55.300000
   119	55.400000
   120	55.400000
   121	55.500000
   122	55.500000
   123	55.500000
   124	55.500000
   125	55.500000
   126	55.600000
   127	55.600000
   128	55.600000
   129	55.600000
   130	55.600000
   131	55.600000
   132	55.700000
   133	55.700000
   134	55.700000
   135	55.700000
   136	55.700000
   137	55.900000
   138	55.800000
   139	55.800000
   140	55.800000
   141	55.400000
   142	55.400000
   143	55.500000
   144	55.500000
   145	55.500000
   146	55.500000
   147	55.500000
   148	55.600000
   149	55.600000
   150	55.600000
   151	55.600000
   152	55.700000
   153	55.700000
   154	55.700000
   155	55.700000
   156	55.700000
   157	55.700000
   158	55.700000
   159	55.800000
   160	55.800000
   161	55.800000
   162	55.800000
   163	55.800000
   164	55.800000
   165	55.800000
   166	55.500000
   167	55.500000
   168	55.500000
   169	55.500000
   170	55.500000
   171	55.500000
   172	55.500000
   173	55.500000
   174	55.500000
   175	55.500000
   176	55.500000
   177	55.500000
   178	55.500000
   179	55.500000
   180	55.500000
   181	55.500000
   182	55.600000
   183	55.600000
   184	55.600000
   185	55.700000
   186	55.700000
   187	55.700000
   188	55.800000
   189	55.800000
   190	55.500000
   191	55.500000
   192	55.500000
   193	55.500000
   194	55.500000
   195	55.500000
   196	55.500000
   197	55.600000
   198	55.700000
   199	55.700000
   200	55.700000
   201	55.800000
   202	55.800000
   203	55.800000
   204	55.800000
   205	55.800000
   206	55.800000
   207	55.800000
   208	55.800000
   209	55.800000
   210	55.800000
   211	55.800000
   212	55.800000
   213	55.800000
   214	55.800000
   215	55.900000
   216	55.900000
   217	55.900000
   218	55.900000
   219	55.900000
   220	56.000000
   221	56.000000
   222	56.000000
   223	56.000000
   224	55.800000
   225	55.800000
   226	55.800000
   227	55.800000
   228	55.800000
   229	55.800000
   230	55.800000
   231	55.900000
   232	55.900000
   233	55.900000
   234	55.900000
   235	55.900000
   236	56.000000
   237	56.000000
   238	56.000000
   239	56.000000
   240	56.000000
   241	56.000000
   242	56.100000
   243	56.100000
   244	56.100000
   245	56.100000
   246	56.100000
   247	56.100000
   248	56.200000
   249	56.200000
   250	56.200000
   251	56.200000
   252	56.200000
   253	56.200000
   254	56.200000
   255	56.200000
   256	56.200000
   257	56.300000
   258	56.000000
   259	56.000000
   260	56.000000
   261	56.000000
   262	56.000000
   263	56.000000
   264	56.100000
   265	56.100000
   266	56.200000
   267	56.200000
   268	56.200000
   269	56.200000
   270	56.200000
   271	56.200000
   272	56.200000
   273	56.200000
   274	56.200000
   275	56.200000
   276	56.200000
   277	56.200000
   278	56.300000
   279	56.300000
   280	56.300000
   281	56.300000
   282	56.100000
   283	56.100000
   284	56.100000
   285	56.100000
   286	56.100000
   287	56.100000
   288	56.100000
   289	56.100000
   290	56.100000
   291	56.100000
   292	56.100000
   293	56.100000
   294	56.200000
   295	56.200000
   296	56.200000
   297	56.300000
   298	56.300000
   299	56.300000
   300	56.300000
   301	56.300000
   302	56.300000
   303	56.300000
   304	56.300000
   305	56.300000
   306	56.300000
   307	56.400000
   308	56.100000
   309	56.100000
   310	56.200000
   311	56.200000
   312	56.200000
   313	56.300000
   314	56.300000
   315	56.300000
   316	56.300000
   317	56.300000
   318	56.300000
   319	56.300000
   320	56.300000
   321	56.300000
   322	56.300000
   323	56.300000
   324	56.300000
   325	56.400000
   326	56.400000
   327	56.400000
   328	56.400000
   329	56.400000
   330	56.400000
   331	56.400000
   332	56.200000
   333	56.200000
   334	56.200000
   335	56.200000
   336	56.200000
   337	56.300000
   338	56.300000
   339	56.300000
   340	56.300000
   341	56.300000
   342	56.400000
   343	56.400000
   344	56.400000
   345	56.400000
   346	56.400000
   347	56.400000
   348	56.400000
   349	56.400000
   350	56.400000
   351	56.400000
   352	56.400000
   353	56.400000
   354	56.400000
   355	56.400000
   356	56.100000
   357	56.100000
   358	56.200000
   359	56.200000
   360	56.200000
   361	56.200000
   362	56.200000
   363	56.200000
   364	56.200000
   365	56.200000
   366	56.200000
   367	56.200000
   368	56.200000
   369	56.300000
   370	56.300000
   371	56.200000
   372	56.200000
   373	56.200000
   374	56.200000
   375	56.200000
   376	56.200000
   377	56.200000
   378	56.200000
   379	56.200000
   380	56.200000
   381	56.200000
   382	56.200000
   383	56.200000
   384	56.200000
   385	56.200000
   386	56.200000
   387	56.200000
   388	56.200000
   389	56.200000
   390	56.200000
   391	56.200000
   392	56.200000
   393	56.200000
   394	56.200000
   395	56.200000
   396	56.300000
   397	56.300000
   398	56.300000
   399	56.300000
   400	56.300000
   401	56.300000
   402	56.300000
   403	56.300000
   404	56.300000
   405	56.300000
   406	56.300000
   407	56.300000
   408	56.300000
   409	56.200000
   410	56.200000
   411	56.200000
   412	56.200000
   413	56.200000
   414	56.200000
   415	56.200000
   416	56.200000
   417	56.200000
   418	56.200000
   419	56.200000
   420	56.200000
   421	56.200000
   422	56.300000
   423	56.300000
   424	56.300000
   425	56.300000
   426	56.300000
   427	56.300000
   428	56.300000
   429	56.300000
   430	56.300000
   431	56.300000
   432	56.300000
   433	56.300000
   434	56.300000
   435	56.400000
   436	56.400000
   437	56.400000
   438	56.400000
   439	56.400000
   440	56.400000
   441	56.400000
   442	56.300000
   443	56.300000
   444	56.300000
   445	56.300000
   446	56.300000
   447	56.300000
   448	56.300000
   449	56.300000
   450	56.300000
   451	56.300000
   452	56.300000
   453	56.300000
   454	56.300000
   455	56.300000
   456	56.300000
   457	56.300000
   458	56.300000
   459	56.300000
   460	56.300000
   461	56.300000
   462	56.400000
   463	56.400000
   464	56.400000
   465	56.400000
   466	56.400000
   467	56.400000
   468	56.300000
   469	56.300000
   470	56.300000
   471	56.300000
   472	56.300000
   473	56.300000
   474	56.300000
   475	56.300000
   476	56.300000
   477	56.300000
   478	56.300000
   479	56.300000
   480	56.300000
   481	56.300000
   482	56.300000
   483	56.300000
   484	56.300000
   485	56.300000
   486	56.300000
   487	56.300000
   488	56.400000
   489	56.400000
   490	56.400000
   491	56.500000
   492	56.600000
   493	56.600000
   494	56.600000
   495	56.500000
   496	56.600000
   497	56.500000
   498	56.400000
   499	56.400000
   500	56.400000
   501	56.400000
   502	56.400000
   503	56.500000
   504	56.500000
   505	56.500000
   506	56.500000
   507	56.500000
   508	56.500000
   509	56.500000
   510	56.500000
   511	56.500000
   512	56.500000
   513	56.500000
   514	56.500000
