     0	0
     1	3.400000
     2	13.800000
     3	20.100000
     4	23.800000
     5	26.400000
     6	28.200000
     7	30.000000
     8	31.900000
     9	33.600000
    10	35.300000
    11	36.300000
    12	34.300000
    13	34.800000
    14	35.100000
    15	35.500000
    16	36.100000
    17	36.800000
    18	36.700000
    19	37.400000
    20	37.600000
    21	37.800000
    22	38.200000
    23	38.300000
    24	38.300000
    25	38.500000
    26	38.700000
    27	38.800000
    28	38.800000
    29	38.900000
    30	39.100000
    31	39.500000
    32	39.500000
    33	39.600000
    34	39.700000
    35	39.700000
    36	39.700000
    37	39.900000
    38	40.000000
    39	39.800000
    40	40.100000
    41	39.900000
    42	40.100000
    43	40.200000
    44	40.200000
    45	40.200000
    46	40.300000
    47	40.400000
    48	40.300000
    49	40.300000
    50	39.500000
    51	39.700000
    52	39.700000
    53	39.800000
    54	39.800000
    55	39.800000
    56	39.900000
    57	40.000000
    58	40.100000
    59	40.100000
    60	40.100000
    61	40.200000
    62	40.200000
    63	40.100000
    64	40.200000
    65	40.200000
    66	40.200000
    67	40.200000
    68	40.200000
    69	40.200000
    70	40.300000
    71	40.300000
    72	40.400000
    73	40.400000
    74	40.400000
    75	40.500000
    76	40.500000
    77	40.400000
    78	40.500000
    79	40.600000
    80	40.700000
    81	40.800000
    82	40.800000
    83	40.800000
    84	40.800000
    85	40.800000
    86	40.900000
    87	41.000000
    88	41.000000
    89	41.100000
    90	40.800000
    91	40.800000
    92	40.800000
    93	40.900000
    94	40.900000
    95	40.900000
    96	41.000000
    97	41.000000
    98	41.000000
    99	41.000000
   100	41.000000
   101	41.100000
   102	41.200000
   103	41.200000
   104	41.200000
   105	41.200000
   106	41.200000
   107	41.200000
   108	41.200000
   109	41.200000
   110	41.100000
   111	41.200000
   112	41.300000
   113	41.300000
   114	41.300000
   115	41.300000
   116	41.300000
   117	41.400000
   118	41.400000
   119	41.400000
   120	41.400000
   121	41.400000
   122	41.400000
   123	41.400000
   124	41.400000
   125	41.500000
   126	41.400000
   127	41.400000
   128	41.500000
   129	41.400000
   130	41.300000
   131	41.300000
   132	41.300000
   133	41.300000
   134	41.300000
   135	41.300000
   136	41.300000
   137	41.300000
   138	41.300000
   139	41.400000
   140	41.300000
   141	41.300000
   142	41.400000
   143	41.400000
   144	41.500000
   145	41.500000
   146	41.600000
   147	41.500000
   148	41.600000
   149	41.600000
   150	41.600000
   151	41.600000
   152	41.600000
   153	41.600000
   154	41.600000
   155	41.600000
   156	41.700000
   157	41.900000
   158	41.800000
   159	42.000000
   160	42.000000
   161	42.000000
   162	41.900000
   163	42.000000
   164	42.000000
   165	41.900000
   166	42.000000
   167	41.400000
   168	41.500000
   169	41.500000
   170	41.600000
   171	41.600000
   172	41.400000
   173	41.500000
   174	41.500000
   175	41.500000
   176	41.500000
   177	41.500000
   178	41.800000
   179	41.900000
   180	41.800000
   181	41.900000
   182	41.900000
   183	41.900000
   184	41.900000
   185	41.900000
   186	41.900000
   187	41.900000
   188	41.900000
   189	41.900000
   190	41.900000
   191	42.000000
   192	42.000000
   193	42.000000
   194	42.000000
   195	42.000000
   196	42.000000
   197	42.000000
   198	42.000000
   199	42.000000
   200	42.000000
   201	42.000000
   202	42.000000
   203	42.000000
   204	42.000000
   205	42.000000
   206	42.000000
   207	42.000000
   208	42.000000
   209	42.000000
   210	42.000000
   211	42.000000
   212	42.000000
   213	42.000000
   214	42.000000
   215	42.000000
   216	42.100000
   217	42.100000
   218	42.100000
   219	42.100000
   220	42.200000
   221	42.200000
   222	42.200000
   223	42.200000
   224	42.200000
   225	42.200000
   226	42.200000
   227	42.200000
   228	42.200000
   229	42.200000
   230	42.200000
   231	42.200000
   232	42.200000
   233	42.200000
   234	42.200000
   235	42.200000
   236	42.200000
   237	42.200000
   238	42.200000
   239	42.200000
   240	42.200000
   241	42.200000
   242	42.200000
   243	42.200000
   244	42.200000
   245	42.200000
   246	42.200000
   247	42.200000
   248	42.200000
   249	42.200000
   250	42.200000
   251	42.200000
   252	42.200000
   253	42.200000
   254	42.200000
   255	42.200000
   256	42.200000
   257	42.200000
   258	42.200000
   259	42.200000
   260	42.200000
   261	42.200000
   262	42.200000
   263	42.200000
   264	42.200000
   265	42.200000
   266	42.200000
   267	42.200000
   268	42.300000
   269	42.300000
   270	42.300000
   271	42.300000
   272	42.300000
   273	42.300000
   274	42.300000
   275	42.300000
   276	42.300000
   277	42.300000
   278	42.300000
   279	42.300000
   280	42.300000
   281	42.300000
   282	42.300000
   283	42.400000
   284	42.400000
   285	42.200000
   286	42.300000
   287	42.300000
   288	42.300000
   289	42.300000
   290	42.300000
   291	42.400000
   292	42.300000
   293	42.300000
   294	42.400000
   295	42.400000
   296	42.400000
   297	42.300000
   298	42.400000
   299	42.400000
   300	42.400000
   301	42.400000
   302	42.300000
   303	42.400000
   304	42.400000
   305	42.500000
   306	42.500000
   307	42.500000
   308	42.500000
   309	42.500000
   310	42.500000
   311	42.500000
   312	42.500000
   313	42.500000
   314	42.500000
   315	42.500000
   316	42.500000
   317	42.500000
   318	42.500000
   319	42.500000
   320	42.500000
   321	42.500000
   322	42.500000
   323	42.500000
   324	42.500000
   325	42.600000
   326	42.500000
   327	42.600000
   328	42.400000
   329	42.400000
   330	42.300000
   331	42.400000
   332	42.400000
   333	42.500000
   334	42.500000
   335	42.500000
   336	42.500000
   337	42.500000
   338	42.500000
   339	42.500000
   340	42.500000
   341	42.500000
   342	42.500000
   343	42.500000
   344	42.500000
   345	42.500000
   346	42.500000
   347	42.600000
   348	42.600000
   349	42.600000
   350	42.600000
   351	42.600000
   352	42.600000
   353	42.600000
   354	42.600000
   355	42.600000
   356	42.600000
   357	42.600000
   358	42.600000
   359	42.600000
   360	42.600000
   361	42.600000
   362	42.600000
   363	42.600000
   364	42.500000
   365	42.600000
   366	42.500000
   367	42.600000
   368	42.600000
   369	42.600000
   370	42.600000
   371	42.600000
   372	42.600000
   373	42.500000
   374	42.400000
   375	42.400000
   376	42.400000
   377	42.400000
   378	42.500000
   379	42.400000
   380	42.400000
   381	42.400000
   382	42.400000
   383	42.400000
   384	42.400000
   385	42.400000
   386	42.400000
   387	42.400000
   388	42.400000
   389	42.400000
   390	42.400000
   391	42.400000
   392	42.400000
   393	42.400000
   394	42.400000
   395	42.400000
   396	42.400000
   397	42.400000
   398	42.400000
   399	42.400000
   400	42.400000
   401	42.400000
   402	42.400000
   403	42.400000
   404	42.400000
   405	42.400000
   406	42.400000
   407	42.400000
   408	42.400000
   409	42.500000
   410	42.500000
   411	42.600000
   412	42.500000
   413	42.400000
   414	42.400000
   415	42.400000
   416	42.500000
   417	42.400000
   418	42.400000
   419	42.500000
   420	42.500000
   421	42.500000
   422	42.500000
   423	42.500000
   424	42.500000
   425	42.500000
   426	42.500000
   427	42.500000
   428	42.500000
   429	42.500000
   430	42.500000
   431	42.500000
   432	42.500000
   433	42.500000
   434	42.500000
   435	42.500000
   436	42.500000
   437	42.500000
   438	42.600000
   439	42.600000
   440	42.600000
   441	42.600000
   442	42.600000
   443	42.600000
   444	42.600000
   445	42.600000
   446	42.600000
   447	42.600000
   448	42.600000
   449	42.600000
   450	42.500000
   451	42.500000
   452	42.500000
   453	42.500000
   454	42.500000
   455	42.500000
   456	42.500000
   457	42.500000
   458	42.500000
   459	42.600000
   460	42.600000
   461	42.600000
   462	42.600000
   463	42.600000
   464	42.600000
   465	42.600000
   466	42.600000
   467	42.500000
   468	42.500000
   469	42.600000
   470	42.600000
   471	42.600000
   472	42.600000
   473	42.600000
   474	42.600000
   475	42.500000
   476	42.500000
   477	42.600000
   478	42.500000
   479	42.500000
   480	42.600000
   481	42.600000
   482	42.600000
   483	42.600000
   484	42.600000
   485	42.600000
   486	42.600000
   487	42.600000
   488	42.600000
   489	42.600000
   490	42.500000
   491	42.500000
   492	42.500000
   493	42.500000
   494	42.500000
   495	42.500000
   496	42.500000
   497	42.500000
   498	42.500000
   499	42.500000
   500	42.500000
   501	42.600000
   502	42.600000
   503	42.600000
   504	42.600000
   505	42.600000
   506	42.600000
   507	42.600000
   508	42.600000
   509	42.600000
   510	42.600000
   511	42.600000
   512	42.600000
   513	42.600000
   514	42.600000
   515	42.700000
   516	42.600000
   517	42.700000
   518	42.700000
   519	42.700000
   520	42.700000
   521	42.700000
   522	42.700000
   523	42.700000
   524	42.700000
   525	42.700000
   526	42.700000
   527	42.700000
   528	42.700000
   529	42.700000
   530	42.700000
   531	42.600000
   532	42.600000
   533	42.700000
   534	42.700000
   535	42.700000
   536	42.700000
   537	42.700000
   538	42.700000
   539	42.700000
   540	42.700000
   541	42.700000
   542	42.700000
   543	42.700000
   544	42.700000
   545	42.700000
   546	42.700000
   547	42.700000
   548	42.700000
   549	42.700000
   550	42.700000
   551	42.700000
   552	42.700000
   553	42.700000
   554	42.700000
   555	42.700000
   556	42.700000
   557	42.700000
   558	42.700000
   559	42.700000
   560	42.700000
   561	42.700000
   562	42.700000
   563	42.700000
   564	42.700000
   565	42.700000
   566	42.700000
   567	42.700000
   568	42.700000
   569	42.600000
   570	42.600000
   571	42.500000
   572	42.500000
   573	42.500000
   574	42.500000
   575	42.600000
   576	42.500000
   577	42.600000
   578	42.600000
   579	42.600000
   580	42.600000
   581	42.500000
   582	42.600000
   583	42.500000
   584	42.600000
   585	42.600000
   586	42.600000
   587	42.600000
   588	42.600000
   589	42.600000
   590	42.600000
   591	42.500000
   592	42.500000
   593	42.500000
   594	42.600000
   595	42.500000
   596	42.600000
   597	42.600000
   598	42.600000
   599	42.600000
   600	42.500000
   601	42.500000
   602	42.500000
   603	42.500000
   604	42.500000
   605	42.400000
   606	42.400000
   607	42.500000
   608	42.400000
   609	42.400000
   610	42.400000
   611	42.400000
   612	42.400000
   613	42.400000
   614	42.400000
   615	42.400000
   616	42.400000
   617	42.400000
   618	42.400000
   619	42.400000
   620	42.400000
   621	42.400000
   622	42.400000
   623	42.400000
   624	42.400000
   625	42.400000
   626	42.400000
   627	42.400000
   628	42.400000
   629	42.400000
   630	42.400000
   631	42.400000
   632	42.400000
   633	42.400000
   634	42.400000
   635	42.400000
   636	42.400000
   637	42.400000
   638	42.400000
   639	42.400000
   640	42.400000
   641	42.400000
   642	42.400000
   643	42.400000
   644	42.400000
   645	42.400000
   646	42.400000
   647	42.400000
   648	42.400000
   649	42.400000
   650	42.400000
   651	42.400000
   652	42.400000
   653	42.400000
   654	42.400000
   655	42.400000
   656	42.400000
   657	42.400000
   658	42.400000
   659	42.400000
   660	42.400000
   661	42.400000
   662	42.400000
   663	42.400000
   664	42.400000
   665	42.400000
   666	42.400000
   667	42.400000
   668	42.400000
   669	42.400000
   670	42.400000
   671	42.400000
   672	42.400000
   673	42.500000
   674	42.500000
   675	42.500000
   676	42.500000
   677	42.500000
   678	42.500000
   679	42.500000
   680	42.500000
   681	42.400000
   682	42.400000
   683	42.400000
   684	42.400000
   685	42.400000
   686	42.400000
   687	42.400000
   688	42.400000
   689	42.400000
   690	42.400000
   691	42.400000
   692	42.400000
   693	42.400000
   694	42.400000
   695	42.500000
   696	42.500000
   697	42.500000
   698	42.500000
   699	42.500000
   700	42.500000
   701	42.500000
   702	42.500000
   703	42.500000
   704	42.600000
   705	42.600000
   706	42.600000
   707	42.600000
   708	42.500000
   709	42.500000
   710	42.500000
   711	42.500000
   712	42.600000
   713	42.600000
   714	42.600000
   715	42.600000
   716	42.600000
   717	42.600000
   718	42.600000
   719	42.600000
   720	42.600000
   721	42.600000
   722	42.600000
   723	42.600000
   724	42.600000
   725	42.600000
   726	42.600000
   727	42.600000
   728	42.500000
   729	42.500000
   730	42.600000
   731	42.600000
   732	42.600000
   733	42.600000
   734	42.600000
   735	42.600000
   736	42.600000
   737	42.600000
   738	42.600000
   739	42.600000
   740	42.600000
   741	42.600000
   742	42.600000
   743	42.600000
   744	42.600000
   745	42.600000
   746	42.600000
   747	42.600000
   748	42.600000
   749	42.600000
   750	42.600000
   751	42.600000
   752	42.600000
   753	42.600000
   754	42.600000
   755	42.600000
   756	42.600000
   757	42.600000
   758	42.600000
   759	42.600000
   760	42.600000
   761	42.600000
   762	42.600000
   763	42.600000
   764	42.600000
   765	42.600000
   766	42.600000
   767	42.600000
   768	42.600000
   769	42.600000
   770	42.600000
   771	42.600000
   772	42.600000
   773	42.600000
   774	42.600000
   775	42.600000
   776	42.500000
   777	42.500000
   778	42.500000
   779	42.500000
   780	42.500000
   781	42.500000
   782	42.500000
   783	42.500000
   784	42.500000
   785	42.500000
   786	42.500000
   787	42.500000
   788	42.500000
   789	42.500000
   790	42.500000
   791	42.500000
   792	42.500000
   793	42.500000
   794	42.500000
   795	42.500000
   796	42.500000
   797	42.500000
   798	42.500000
   799	42.500000
   800	42.500000
   801	42.500000
   802	42.500000
   803	42.500000
   804	42.500000
   805	42.500000
   806	42.500000
   807	42.500000
   808	42.500000
   809	42.500000
   810	42.500000
   811	42.500000
   812	42.500000
   813	42.500000
   814	42.500000
   815	42.500000
   816	42.500000
   817	42.500000
   818	42.500000
   819	42.500000
   820	42.500000
   821	42.500000
   822	42.500000
   823	42.500000
   824	42.500000
   825	42.500000
   826	42.500000
   827	42.500000
   828	42.500000
   829	42.500000
   830	42.500000
   831	42.500000
   832	42.500000
   833	42.500000
   834	42.500000
   835	42.500000
   836	42.500000
   837	42.500000
   838	42.500000
   839	42.500000
   840	42.500000
   841	42.500000
   842	42.500000
   843	42.500000
   844	42.500000
   845	42.500000
   846	42.500000
   847	42.500000
   848	42.500000
   849	42.500000
   850	42.500000
   851	42.500000
   852	42.500000
   853	42.500000
   854	42.500000
   855	42.500000
   856	42.500000
   857	42.500000
   858	42.500000
   859	42.500000
   860	42.500000
   861	42.500000
   862	42.500000
   863	42.500000
   864	42.500000
   865	42.500000
   866	42.500000
   867	42.500000
   868	42.500000
   869	42.500000
   870	42.500000
   871	42.500000
   872	42.500000
   873	42.500000
   874	42.500000
   875	42.500000
   876	42.500000
   877	42.500000
   878	42.500000
   879	42.500000
   880	42.500000
   881	42.500000
   882	42.500000
   883	42.500000
   884	42.500000
   885	42.500000
   886	42.500000
   887	42.500000
   888	42.500000
   889	42.500000
   890	42.500000
   891	42.500000
   892	42.500000
   893	42.500000
   894	42.500000
   895	42.500000
   896	42.500000
   897	42.500000
   898	42.400000
   899	42.400000
   900	42.400000
   901	42.400000
   902	42.400000
   903	42.400000
   904	42.400000
   905	42.400000
   906	42.400000
   907	42.400000
   908	42.400000
   909	42.400000
   910	42.400000
   911	42.400000
   912	42.400000
   913	42.400000
   914	42.400000
   915	42.400000
   916	42.400000
   917	42.400000
   918	42.400000
   919	42.400000
   920	42.400000
   921	42.400000
   922	42.400000
   923	42.400000
   924	42.400000
   925	42.400000
   926	42.400000
   927	42.400000
   928	42.400000
   929	42.400000
   930	42.400000
   931	42.400000
   932	42.400000
   933	42.400000
   934	42.400000
   935	42.400000
   936	42.400000
   937	42.400000
   938	42.400000
   939	42.400000
   940	42.400000
   941	42.400000
   942	42.400000
   943	42.400000
   944	42.400000
   945	42.400000
   946	42.400000
   947	42.400000
   948	42.400000
   949	42.400000
   950	42.400000
   951	42.400000
   952	42.400000
   953	42.400000
   954	42.300000
   955	42.300000
   956	42.300000
   957	42.300000
   958	42.300000
   959	42.300000
   960	42.300000
   961	42.300000
   962	42.300000
   963	42.400000
   964	42.400000
   965	42.400000
   966	42.400000
   967	42.400000
   968	42.400000
   969	42.400000
   970	42.400000
   971	42.400000
   972	42.400000
   973	42.400000
   974	42.400000
   975	42.400000
   976	42.400000
   977	42.400000
   978	42.400000
   979	42.400000
   980	42.400000
   981	42.400000
   982	42.400000
   983	42.400000
   984	42.400000
   985	42.400000
   986	42.400000
   987	42.400000
   988	42.400000
   989	42.400000
   990	42.400000
   991	42.400000
   992	42.400000
   993	42.400000
   994	42.400000
   995	42.400000
   996	42.400000
   997	42.400000
   998	42.400000
   999	42.400000
  1000	42.400000
  1001	42.400000
  1002	42.400000
  1003	42.400000
  1004	42.400000
  1005	42.400000
  1006	42.400000
  1007	42.400000
  1008	42.400000
  1009	42.400000
  1010	42.400000
  1011	42.400000
  1012	42.400000
  1013	42.400000
  1014	42.400000
  1015	42.400000
  1016	42.400000
  1017	42.400000
  1018	42.400000
  1019	42.400000
  1020	42.400000
  1021	42.400000
  1022	42.400000
  1023	42.400000
  1024	42.400000
  1025	42.400000
  1026	42.400000
  1027	42.400000
  1028	42.400000
  1029	42.400000
  1030	42.400000
  1031	42.400000
  1032	42.400000
  1033	42.400000
  1034	42.400000
  1035	42.400000
  1036	42.400000
  1037	42.400000
  1038	42.400000
  1039	42.400000
  1040	42.400000
  1041	42.400000
  1042	42.400000
  1043	42.400000
  1044	42.400000
  1045	42.400000
  1046	42.400000
  1047	42.400000
  1048	42.400000
  1049	42.400000
  1050	42.400000
  1051	42.400000
  1052	42.400000
  1053	42.400000
  1054	42.400000
  1055	42.400000
  1056	42.400000
  1057	42.400000
  1058	42.400000
  1059	42.400000
  1060	42.400000
  1061	42.400000
  1062	42.400000
  1063	42.400000
  1064	42.400000
  1065	42.400000
  1066	42.400000
  1067	42.400000
  1068	42.400000
  1069	42.400000
  1070	42.400000
  1071	42.400000
  1072	42.400000
  1073	42.400000
  1074	42.400000
  1075	42.400000
  1076	42.400000
  1077	42.400000
  1078	42.400000
  1079	42.400000
  1080	42.400000
  1081	42.400000
  1082	42.400000
  1083	42.400000
  1084	42.400000
  1085	42.400000
  1086	42.400000
  1087	42.400000
  1088	42.400000
  1089	42.400000
  1090	42.400000
  1091	42.400000
  1092	42.400000
  1093	42.400000
  1094	42.400000
  1095	42.400000
  1096	42.400000
  1097	42.400000
  1098	42.400000
  1099	42.400000
  1100	42.400000
  1101	42.400000
  1102	42.400000
  1103	42.400000
  1104	42.400000
  1105	42.400000
  1106	42.400000
  1107	42.400000
  1108	42.400000
  1109	42.400000
  1110	42.400000
  1111	42.400000
  1112	42.400000
  1113	42.400000
  1114	42.400000
  1115	42.400000
  1116	42.400000
  1117	42.400000
  1118	42.400000
  1119	42.400000
  1120	42.400000
  1121	42.400000
  1122	42.400000
  1123	42.400000
  1124	42.400000
  1125	42.400000
  1126	42.400000
  1127	42.400000
  1128	42.400000
  1129	42.400000
  1130	42.400000
  1131	42.400000
  1132	42.400000
  1133	42.400000
  1134	42.400000
  1135	42.400000
  1136	42.400000
  1137	42.400000
  1138	42.400000
  1139	42.400000
  1140	42.400000
  1141	42.400000
  1142	42.400000
  1143	42.400000
  1144	42.400000
  1145	42.400000
  1146	42.400000
  1147	42.400000
  1148	42.400000
  1149	42.400000
  1150	42.400000
  1151	42.400000
  1152	42.400000
  1153	42.400000
  1154	42.400000
  1155	42.400000
  1156	42.400000
  1157	42.400000
  1158	42.400000
  1159	42.400000
  1160	42.400000
  1161	42.400000
  1162	42.400000
  1163	42.400000
  1164	42.400000
  1165	42.400000
  1166	42.400000
  1167	42.400000
  1168	42.400000
  1169	42.400000
  1170	42.400000
  1171	42.400000
  1172	42.400000
  1173	42.400000
  1174	42.400000
  1175	42.400000
  1176	42.400000
  1177	42.400000
  1178	42.400000
  1179	42.400000
  1180	42.400000
  1181	42.400000
  1182	42.400000
  1183	42.400000
  1184	42.400000
  1185	42.400000
  1186	42.400000
  1187	42.400000
  1188	42.400000
  1189	42.400000
  1190	42.400000
  1191	42.400000
  1192	42.400000
  1193	42.400000
  1194	42.400000
  1195	42.400000
  1196	42.400000
  1197	42.400000
  1198	42.400000
  1199	42.400000
  1200	42.400000
  1201	42.400000
  1202	42.400000
  1203	42.400000
  1204	42.400000
  1205	42.400000
  1206	42.400000
  1207	42.400000
  1208	42.400000
  1209	42.400000
  1210	42.400000
  1211	42.400000
  1212	42.400000
  1213	42.400000
  1214	42.400000
  1215	42.400000
  1216	42.400000
  1217	42.400000
  1218	42.400000
  1219	42.400000
  1220	42.400000
  1221	42.400000
  1222	42.400000
  1223	42.400000
  1224	42.400000
  1225	42.400000
  1226	42.400000
  1227	42.400000
  1228	42.400000
  1229	42.400000
  1230	42.400000
  1231	42.400000
  1232	42.400000
  1233	42.400000
  1234	42.500000
  1235	42.500000
  1236	42.500000
  1237	42.500000
  1238	42.500000
  1239	42.500000
  1240	42.500000
  1241	42.500000
  1242	42.500000
  1243	42.500000
  1244	42.400000
  1245	42.400000
  1246	42.400000
  1247	42.400000
  1248	42.400000
  1249	42.400000
  1250	42.400000
  1251	42.400000
  1252	42.400000
  1253	42.400000
  1254	42.400000
  1255	42.400000
  1256	42.400000
  1257	42.400000
  1258	42.400000
  1259	42.400000
  1260	42.400000
  1261	42.400000
  1262	42.400000
  1263	42.500000
  1264	42.500000
  1265	42.500000
  1266	42.500000
  1267	42.500000
  1268	42.500000
  1269	42.500000
  1270	42.500000
  1271	42.500000
  1272	42.500000
  1273	42.500000
  1274	42.500000
  1275	42.500000
  1276	42.500000
  1277	42.500000
  1278	42.500000
  1279	42.500000
  1280	42.500000
  1281	42.500000
  1282	42.500000
  1283	42.500000
  1284	42.500000
  1285	42.500000
  1286	42.500000
  1287	42.500000
  1288	42.500000
  1289	42.500000
  1290	42.500000
  1291	42.500000
  1292	42.500000
  1293	42.500000
  1294	42.500000
  1295	42.400000
  1296	42.500000
  1297	42.500000
  1298	42.500000
  1299	42.500000
  1300	42.500000
  1301	42.500000
  1302	42.500000
  1303	42.500000
  1304	42.500000
  1305	42.500000
  1306	42.500000
  1307	42.500000
  1308	42.500000
  1309	42.500000
  1310	42.500000
  1311	42.500000
  1312	42.600000
  1313	42.500000
  1314	42.600000
  1315	42.600000
  1316	42.600000
  1317	42.600000
  1318	42.600000
  1319	42.600000
  1320	42.500000
  1321	42.500000
  1322	42.600000
  1323	42.500000
  1324	42.600000
  1325	42.600000
  1326	42.600000
  1327	42.400000
  1328	42.400000
  1329	42.500000
  1330	42.400000
  1331	42.400000
  1332	42.400000
  1333	42.500000
  1334	42.500000
  1335	42.500000
  1336	42.500000
  1337	42.500000
  1338	42.500000
  1339	42.600000
  1340	42.600000
  1341	42.600000
  1342	42.500000
  1343	42.500000
  1344	42.600000
  1345	42.500000
  1346	42.500000
  1347	42.500000
  1348	42.500000
  1349	42.500000
  1350	42.500000
  1351	42.600000
  1352	42.600000
  1353	42.600000
  1354	42.600000
  1355	42.600000
  1356	42.600000
  1357	42.600000
  1358	42.600000
  1359	42.600000
  1360	42.600000
  1361	42.600000
  1362	42.600000
  1363	42.500000
  1364	42.600000
  1365	42.600000
  1366	42.600000
  1367	42.500000
  1368	42.500000
  1369	42.500000
  1370	42.500000
  1371	42.500000
  1372	42.500000
  1373	42.400000
  1374	42.500000
  1375	42.500000
  1376	42.500000
  1377	42.500000
  1378	42.400000
  1379	42.400000
  1380	42.400000
  1381	42.400000
  1382	42.400000
  1383	42.400000
  1384	42.400000
  1385	42.500000
  1386	42.400000
  1387	42.400000
  1388	42.500000
  1389	42.400000
  1390	42.400000
  1391	42.500000
  1392	42.500000
  1393	42.500000
  1394	42.600000
  1395	42.600000
  1396	42.600000
  1397	42.600000
  1398	42.600000
  1399	42.600000
  1400	42.600000
  1401	42.600000
  1402	42.600000
  1403	42.600000
  1404	42.600000
  1405	42.600000
  1406	42.600000
  1407	42.600000
  1408	42.400000
  1409	42.400000
  1410	42.400000
  1411	42.400000
  1412	42.400000
  1413	42.400000
  1414	42.400000
  1415	42.400000
  1416	42.400000
  1417	42.400000
  1418	42.400000
  1419	42.400000
  1420	42.400000
  1421	42.400000
  1422	42.400000
  1423	42.400000
  1424	42.500000
  1425	42.500000
  1426	42.500000
  1427	42.500000
  1428	42.500000
  1429	42.500000
  1430	42.500000
  1431	42.500000
  1432	42.600000
  1433	42.600000
  1434	42.600000
  1435	42.600000
  1436	42.600000
  1437	42.600000
  1438	42.600000
  1439	42.600000
  1440	42.600000
  1441	42.600000
  1442	42.600000
  1443	42.600000
  1444	42.600000
  1445	42.600000
  1446	42.600000
  1447	42.600000
  1448	42.600000
  1449	42.400000
  1450	42.400000
  1451	42.400000
  1452	42.400000
  1453	42.400000
  1454	42.400000
  1455	42.400000
  1456	42.400000
  1457	42.400000
  1458	42.400000
  1459	42.400000
  1460	42.500000
  1461	42.500000
  1462	42.500000
  1463	42.500000
  1464	42.500000
  1465	42.500000
  1466	42.500000
  1467	42.500000
  1468	42.600000
  1469	42.600000
  1470	42.600000
  1471	42.600000
  1472	42.600000
  1473	42.600000
  1474	42.500000
  1475	42.500000
  1476	42.600000
  1477	42.600000
  1478	42.600000
  1479	42.600000
  1480	42.600000
  1481	42.600000
  1482	42.600000
  1483	42.600000
  1484	42.600000
  1485	42.600000
  1486	42.600000
  1487	42.600000
  1488	42.600000
  1489	42.600000
  1490	42.600000
  1491	42.600000
  1492	42.500000
  1493	42.500000
  1494	42.500000
  1495	42.500000
  1496	42.600000
  1497	42.500000
  1498	42.600000
  1499	42.600000
  1500	42.600000
  1501	42.600000
  1502	42.500000
  1503	42.500000
  1504	42.500000
  1505	42.500000
  1506	42.500000
  1507	42.600000
  1508	42.500000
  1509	42.500000
  1510	42.500000
  1511	42.500000
  1512	42.600000
  1513	42.500000
  1514	42.500000
  1515	42.600000
  1516	42.600000
  1517	42.600000
  1518	42.600000
  1519	42.600000
  1520	42.600000
  1521	42.600000
  1522	42.600000
  1523	42.600000
  1524	42.600000
  1525	42.600000
  1526	42.600000
  1527	42.600000
  1528	42.600000
  1529	42.600000
  1530	42.600000
  1531	42.600000
  1532	42.600000
  1533	42.600000
  1534	42.600000
  1535	42.600000
  1536	42.600000
  1537	42.500000
  1538	42.500000
  1539	42.500000
  1540	42.600000
  1541	42.600000
  1542	42.500000
  1543	42.600000
  1544	42.600000
  1545	42.600000
  1546	42.600000
  1547	42.600000
  1548	42.600000
  1549	42.600000
  1550	42.600000
  1551	42.600000
  1552	42.600000
  1553	42.600000
  1554	42.600000
  1555	42.600000
  1556	42.600000
  1557	42.600000
  1558	42.600000
  1559	42.600000
  1560	42.600000
  1561	42.600000
  1562	42.600000
  1563	42.600000
  1564	42.600000
  1565	42.600000
  1566	42.600000
  1567	42.600000
  1568	42.600000
  1569	42.600000
  1570	42.600000
  1571	42.600000
  1572	42.600000
  1573	42.600000
  1574	42.600000
  1575	42.600000
  1576	42.600000
  1577	42.600000
  1578	42.600000
  1579	42.600000
  1580	42.600000
  1581	42.600000
  1582	42.600000
  1583	42.600000
  1584	42.600000
  1585	42.600000
  1586	42.600000
  1587	42.600000
  1588	42.600000
  1589	42.600000
  1590	42.600000
  1591	42.600000
  1592	42.600000
  1593	42.600000
  1594	42.600000
  1595	42.600000
  1596	42.600000
  1597	42.600000
  1598	42.600000
  1599	42.600000
  1600	42.600000
  1601	42.600000
  1602	42.600000
  1603	42.600000
  1604	42.600000
  1605	42.600000
  1606	42.600000
  1607	42.600000
  1608	42.600000
  1609	42.600000
  1610	42.600000
  1611	42.600000
  1612	42.600000
  1613	42.600000
  1614	42.600000
  1615	42.600000
  1616	42.600000
  1617	42.600000
  1618	42.600000
  1619	42.600000
  1620	42.600000
  1621	42.600000
  1622	42.600000
  1623	42.600000
  1624	42.600000
  1625	42.600000
  1626	42.600000
  1627	42.600000
  1628	42.600000
  1629	42.600000
  1630	42.600000
  1631	42.700000
  1632	42.700000
  1633	42.700000
  1634	42.700000
  1635	42.700000
  1636	42.700000
  1637	42.700000
  1638	42.700000
  1639	42.700000
  1640	42.700000
  1641	42.700000
  1642	42.700000
  1643	42.700000
  1644	42.700000
  1645	42.700000
  1646	42.700000
  1647	42.700000
  1648	42.700000
  1649	42.700000
  1650	42.700000
  1651	42.700000
  1652	42.700000
  1653	42.700000
  1654	42.700000
  1655	42.700000
  1656	42.600000
  1657	42.600000
  1658	42.600000
  1659	42.600000
  1660	42.600000
  1661	42.600000
  1662	42.600000
  1663	42.600000
  1664	42.600000
  1665	42.700000
  1666	42.700000
  1667	42.700000
  1668	42.700000
  1669	42.700000
  1670	42.700000
  1671	42.700000
  1672	42.700000
  1673	42.700000
  1674	42.700000
  1675	42.700000
  1676	42.700000
  1677	42.700000
  1678	42.700000
  1679	42.700000
  1680	42.700000
  1681	42.700000
  1682	42.700000
  1683	42.700000
  1684	42.700000
  1685	42.700000
  1686	42.700000
  1687	42.700000
  1688	42.700000
  1689	42.700000
  1690	42.700000
  1691	42.700000
  1692	42.700000
  1693	42.700000
  1694	42.700000
  1695	42.700000
  1696	42.700000
  1697	42.700000
  1698	42.700000
  1699	42.700000
  1700	42.700000
  1701	42.700000
  1702	42.700000
  1703	42.700000
  1704	42.700000
  1705	42.700000
  1706	42.700000
  1707	42.700000
  1708	42.700000
  1709	42.700000
  1710	42.700000
  1711	42.700000
  1712	42.700000
  1713	42.700000
  1714	42.700000
  1715	42.700000
  1716	42.700000
  1717	42.700000
  1718	42.700000
  1719	42.700000
  1720	42.700000
  1721	42.700000
  1722	42.700000
  1723	42.700000
  1724	42.700000
  1725	42.700000
  1726	42.700000
  1727	42.700000
  1728	42.700000
  1729	42.700000
  1730	42.700000
  1731	42.700000
  1732	42.700000
  1733	42.700000
  1734	42.700000
  1735	42.700000
  1736	42.700000
  1737	42.700000
  1738	42.700000
  1739	42.700000
  1740	42.700000
  1741	42.700000
  1742	42.700000
  1743	42.700000
  1744	42.700000
  1745	42.700000
  1746	42.700000
  1747	42.700000
  1748	42.700000
  1749	42.700000
  1750	42.700000
  1751	42.700000
  1752	42.700000
  1753	42.700000
  1754	42.700000
  1755	42.700000
  1756	42.700000
  1757	42.700000
  1758	42.700000
  1759	42.700000
  1760	42.700000
  1761	42.700000
  1762	42.700000
  1763	42.700000
  1764	42.700000
  1765	42.700000
  1766	42.700000
  1767	42.700000
  1768	42.700000
  1769	42.700000
  1770	42.700000
  1771	42.700000
  1772	42.700000
  1773	42.700000
  1774	42.700000
  1775	42.700000
  1776	42.700000
  1777	42.700000
  1778	42.700000
  1779	42.700000
  1780	42.700000
  1781	42.700000
  1782	42.700000
  1783	42.700000
  1784	42.700000
  1785	42.700000
  1786	42.700000
  1787	42.700000
  1788	42.700000
  1789	42.700000
  1790	42.700000
  1791	42.700000
  1792	42.700000
  1793	42.700000
  1794	42.700000
  1795	42.700000
  1796	42.700000
  1797	42.700000
  1798	42.700000
  1799	42.700000
  1800	42.700000
  1801	42.700000
  1802	42.700000
  1803	42.700000
  1804	42.700000
  1805	42.700000
  1806	42.700000
  1807	42.700000
  1808	42.700000
  1809	42.700000
  1810	42.700000
  1811	42.700000
  1812	42.700000
  1813	42.700000
  1814	42.700000
  1815	42.700000
  1816	42.700000
  1817	42.700000
  1818	42.700000
  1819	42.700000
  1820	42.700000
  1821	42.700000
  1822	42.700000
  1823	42.700000
  1824	42.700000
  1825	42.700000
  1826	42.700000
  1827	42.700000
  1828	42.700000
  1829	42.700000
  1830	42.700000
  1831	42.700000
  1832	42.700000
  1833	42.700000
  1834	42.700000
  1835	42.700000
  1836	42.700000
  1837	42.700000
  1838	42.700000
  1839	42.700000
  1840	42.700000
  1841	42.700000
  1842	42.700000
  1843	42.700000
  1844	42.700000
  1845	42.700000
  1846	42.700000
  1847	42.700000
  1848	42.700000
  1849	42.700000
  1850	42.700000
  1851	42.700000
  1852	42.700000
  1853	42.700000
  1854	42.700000
  1855	42.700000
  1856	42.700000
  1857	42.700000
  1858	42.700000
  1859	42.700000
  1860	42.700000
  1861	42.700000
  1862	42.700000
  1863	42.700000
  1864	42.700000
  1865	42.700000
  1866	42.700000
  1867	42.700000
  1868	42.700000
  1869	42.700000
  1870	42.700000
  1871	42.700000
  1872	42.700000
  1873	42.700000
  1874	42.700000
  1875	42.700000
  1876	42.700000
  1877	42.700000
  1878	42.700000
  1879	42.700000
  1880	42.700000
  1881	42.700000
  1882	42.700000
  1883	42.700000
  1884	42.700000
  1885	42.700000
  1886	42.700000
  1887	42.700000
  1888	42.700000
  1889	42.700000
  1890	42.700000
  1891	42.700000
  1892	42.700000
  1893	42.700000
  1894	42.700000
  1895	42.700000
  1896	42.700000
  1897	42.700000
  1898	42.700000
  1899	42.700000
  1900	42.700000
  1901	42.700000
  1902	42.700000
  1903	42.700000
  1904	42.700000
  1905	42.700000
  1906	42.700000
  1907	42.700000
  1908	42.700000
  1909	42.700000
  1910	42.700000
  1911	42.700000
  1912	42.700000
  1913	42.700000
  1914	42.700000
  1915	42.700000
  1916	42.700000
  1917	42.700000
  1918	42.700000
  1919	42.700000
  1920	42.700000
  1921	42.700000
  1922	42.700000
  1923	42.700000
  1924	42.700000
  1925	42.700000
  1926	42.700000
  1927	42.700000
  1928	42.700000
  1929	42.700000
  1930	42.700000
  1931	42.700000
  1932	42.700000
  1933	42.700000
  1934	42.700000
  1935	42.700000
  1936	42.700000
  1937	42.700000
  1938	42.700000
  1939	42.700000
  1940	42.700000
  1941	42.700000
  1942	42.700000
  1943	42.700000
  1944	42.700000
  1945	42.700000
  1946	42.700000
  1947	42.700000
  1948	42.700000
  1949	42.700000
  1950	42.700000
  1951	42.700000
  1952	42.700000
  1953	42.700000
  1954	42.700000
  1955	42.700000
  1956	42.700000
  1957	42.700000
  1958	42.700000
  1959	42.700000
  1960	42.700000
  1961	42.700000
  1962	42.700000
  1963	42.700000
  1964	42.700000
  1965	42.700000
  1966	42.700000
  1967	42.700000
  1968	42.700000
  1969	42.700000
  1970	42.700000
  1971	42.700000
  1972	42.700000
  1973	42.700000
  1974	42.700000
  1975	42.700000
  1976	42.700000
  1977	42.700000
  1978	42.700000
  1979	42.700000
  1980	42.700000
  1981	42.700000
  1982	42.700000
  1983	42.700000
  1984	42.700000
  1985	42.700000
  1986	42.700000
  1987	42.700000
  1988	42.700000
  1989	42.700000
  1990	42.700000
  1991	42.700000
  1992	42.700000
  1993	42.700000
  1994	42.700000
  1995	42.700000
  1996	42.700000
  1997	42.700000
  1998	42.700000
  1999	42.700000
  2000	42.700000
  2001	42.700000
  2002	42.700000
  2003	42.700000
  2004	42.700000
  2005	42.700000
  2006	42.700000
  2007	42.700000
  2008	42.700000
  2009	42.700000
  2010	42.700000
  2011	42.700000
  2012	42.700000
  2013	42.700000
  2014	42.700000
  2015	42.700000
  2016	42.700000
  2017	42.700000
  2018	42.700000
  2019	42.700000
  2020	42.700000
  2021	42.700000
  2022	42.700000
  2023	42.700000
  2024	42.700000
  2025	42.700000
  2026	42.700000
  2027	42.700000
  2028	42.700000
  2029	42.700000
  2030	42.700000
  2031	42.700000
  2032	42.700000
  2033	42.700000
  2034	42.700000
  2035	42.700000
  2036	42.700000
  2037	42.700000
  2038	42.700000
  2039	42.700000
  2040	42.700000
  2041	42.700000
  2042	42.700000
  2043	42.700000
  2044	42.700000
  2045	42.700000
  2046	42.700000
  2047	42.700000
  2048	42.700000
  2049	42.700000
  2050	42.700000
  2051	42.700000
  2052	42.700000
  2053	42.700000
  2054	42.700000
  2055	42.700000
  2056	42.700000
  2057	42.700000
  2058	42.700000
  2059	42.700000
  2060	42.700000
  2061	42.700000
  2062	42.700000
  2063	42.700000
  2064	42.700000
  2065	42.700000
  2066	42.700000
  2067	42.700000
  2068	42.700000
  2069	42.700000
  2070	42.700000
  2071	42.700000
  2072	42.700000
  2073	42.700000
  2074	42.700000
  2075	42.700000
  2076	42.700000
  2077	42.700000
  2078	42.700000
  2079	42.700000
  2080	42.700000
  2081	42.700000
  2082	42.700000
  2083	42.700000
  2084	42.700000
  2085	42.700000
  2086	42.700000
  2087	42.700000
  2088	42.700000
  2089	42.700000
  2090	42.700000
  2091	42.700000
  2092	42.700000
  2093	42.700000
  2094	42.700000
  2095	42.700000
  2096	42.700000
  2097	42.700000
  2098	42.700000
  2099	42.700000
  2100	42.700000
  2101	42.700000
  2102	42.700000
  2103	42.700000
  2104	42.700000
  2105	42.700000
  2106	42.700000
  2107	42.700000
  2108	42.700000
  2109	42.700000
  2110	42.700000
  2111	42.700000
  2112	42.700000
  2113	42.700000
  2114	42.700000
  2115	42.700000
  2116	42.700000
  2117	42.700000
  2118	42.700000
  2119	42.700000
  2120	42.700000
  2121	42.700000
  2122	42.700000
  2123	42.700000
  2124	42.700000
  2125	42.700000
  2126	42.700000
  2127	42.700000
  2128	42.700000
  2129	42.700000
  2130	42.700000
  2131	42.700000
  2132	42.700000
  2133	42.700000
  2134	42.700000
  2135	42.700000
  2136	42.700000
  2137	42.700000
  2138	42.700000
  2139	42.700000
  2140	42.700000
  2141	42.700000
  2142	42.700000
  2143	42.700000
  2144	42.700000
  2145	42.700000
  2146	42.700000
  2147	42.700000
  2148	42.700000
  2149	42.700000
  2150	42.700000
  2151	42.700000
  2152	42.700000
  2153	42.700000
  2154	42.700000
  2155	42.700000
  2156	42.700000
  2157	42.700000
  2158	42.700000
  2159	42.700000
  2160	42.700000
  2161	42.700000
  2162	42.700000
  2163	42.700000
  2164	42.700000
  2165	42.700000
  2166	42.700000
  2167	42.700000
  2168	42.700000
  2169	42.700000
  2170	42.700000
  2171	42.700000
  2172	42.700000
  2173	42.700000
  2174	42.700000
  2175	42.700000
  2176	42.700000
  2177	42.700000
  2178	42.700000
  2179	42.700000
  2180	42.700000
  2181	42.700000
  2182	42.700000
  2183	42.700000
  2184	42.700000
  2185	42.700000
  2186	42.700000
  2187	42.700000
  2188	42.700000
  2189	42.700000
  2190	42.700000
  2191	42.700000
  2192	42.700000
  2193	42.700000
  2194	42.700000
  2195	42.700000
  2196	42.700000
  2197	42.700000
  2198	42.700000
  2199	42.700000
  2200	42.700000
  2201	42.700000
  2202	42.700000
  2203	42.700000
  2204	42.700000
  2205	42.700000
  2206	42.700000
  2207	42.700000
  2208	42.700000
  2209	42.700000
  2210	42.700000
  2211	42.700000
  2212	42.700000
  2213	42.700000
  2214	42.700000
  2215	42.700000
  2216	42.700000
  2217	42.700000
  2218	42.700000
  2219	42.700000
  2220	42.700000
  2221	42.700000
  2222	42.700000
  2223	42.700000
  2224	42.700000
  2225	42.700000
  2226	42.700000
  2227	42.700000
  2228	42.700000
  2229	42.700000
  2230	42.700000
  2231	42.700000
  2232	42.700000
  2233	42.700000
  2234	42.700000
  2235	42.700000
  2236	42.700000
  2237	42.700000
  2238	42.700000
  2239	42.700000
  2240	42.700000
  2241	42.700000
  2242	42.700000
  2243	42.700000
  2244	42.700000
  2245	42.700000
  2246	42.700000
  2247	42.700000
  2248	42.700000
  2249	42.700000
  2250	42.700000
  2251	42.700000
  2252	42.700000
  2253	42.700000
  2254	42.700000
  2255	42.700000
  2256	42.700000
  2257	42.700000
  2258	42.600000
  2259	42.600000
  2260	42.600000
  2261	42.600000
  2262	42.600000
  2263	42.600000
  2264	42.600000
  2265	42.600000
  2266	42.600000
  2267	42.600000
  2268	42.600000
  2269	42.600000
  2270	42.600000
  2271	42.600000
  2272	42.600000
  2273	42.600000
  2274	42.600000
  2275	42.600000
  2276	42.600000
  2277	42.600000
  2278	42.600000
  2279	42.600000
  2280	42.600000
  2281	42.600000
  2282	42.600000
  2283	42.600000
  2284	42.600000
  2285	42.600000
  2286	42.600000
  2287	42.600000
  2288	42.600000
  2289	42.600000
  2290	42.600000
  2291	42.600000
  2292	42.600000
  2293	42.600000
  2294	42.600000
  2295	42.600000
  2296	42.600000
  2297	42.600000
  2298	42.600000
  2299	42.600000
  2300	42.600000
  2301	42.600000
  2302	42.600000
  2303	42.600000
  2304	42.600000
  2305	42.600000
  2306	42.600000
  2307	42.600000
  2308	42.600000
  2309	42.600000
  2310	42.600000
  2311	42.600000
  2312	42.600000
  2313	42.600000
  2314	42.600000
  2315	42.600000
  2316	42.600000
  2317	42.600000
  2318	42.600000
  2319	42.600000
  2320	42.600000
  2321	42.600000
  2322	42.600000
  2323	42.600000
  2324	42.600000
  2325	42.600000
  2326	42.600000
  2327	42.600000
  2328	42.600000
  2329	42.600000
  2330	42.600000
  2331	42.600000
  2332	42.600000
  2333	42.600000
  2334	42.600000
  2335	42.600000
  2336	42.600000
  2337	42.600000
  2338	42.600000
  2339	42.600000
  2340	42.600000
  2341	42.600000
  2342	42.600000
  2343	42.600000
  2344	42.600000
  2345	42.600000
  2346	42.600000
  2347	42.600000
  2348	42.600000
  2349	42.600000
  2350	42.600000
  2351	42.600000
  2352	42.600000
  2353	42.600000
  2354	42.600000
  2355	42.600000
  2356	42.600000
  2357	42.600000
  2358	42.600000
  2359	42.600000
  2360	42.600000
  2361	42.600000
  2362	42.600000
  2363	42.600000
  2364	42.600000
  2365	42.600000
  2366	42.600000
  2367	42.600000
  2368	42.600000
  2369	42.600000
  2370	42.600000
  2371	42.600000
  2372	42.600000
  2373	42.600000
  2374	42.600000
  2375	42.600000
  2376	42.600000
  2377	42.600000
  2378	42.600000
  2379	42.600000
  2380	42.600000
  2381	42.600000
  2382	42.600000
  2383	42.600000
  2384	42.600000
  2385	42.600000
  2386	42.600000
  2387	42.600000
  2388	42.600000
  2389	42.600000
  2390	42.600000
  2391	42.600000
  2392	42.600000
  2393	42.600000
  2394	42.600000
  2395	42.600000
  2396	42.600000
  2397	42.600000
  2398	42.600000
  2399	42.600000
  2400	42.600000
  2401	42.600000
  2402	42.600000
  2403	42.600000
  2404	42.600000
  2405	42.600000
  2406	42.600000
  2407	42.600000
  2408	42.600000
  2409	42.600000
  2410	42.600000
  2411	42.600000
  2412	42.600000
  2413	42.600000
  2414	42.600000
  2415	42.600000
  2416	42.600000
  2417	42.600000
  2418	42.600000
  2419	42.600000
  2420	42.600000
  2421	42.600000
  2422	42.600000
  2423	42.600000
  2424	42.600000
  2425	42.600000
  2426	42.600000
  2427	42.600000
  2428	42.600000
  2429	42.600000
  2430	42.600000
  2431	42.500000
  2432	42.500000
  2433	42.500000
  2434	42.500000
  2435	42.500000
  2436	42.500000
  2437	42.500000
  2438	42.500000
  2439	42.500000
  2440	42.500000
  2441	42.500000
  2442	42.500000
  2443	42.500000
  2444	42.500000
  2445	42.500000
  2446	42.500000
  2447	42.500000
  2448	42.500000
  2449	42.500000
  2450	42.500000
  2451	42.500000
